5.449213748870935348e+00
5.292578067160931710e+00
4.847816057570595305e+00
4.694461033894532065e+00
3.734371033982339050e+00
4.565342004255102282e+00
4.660915083573396345e+00
4.916546293137367130e+00
4.219116291881800151e+00
3.362689834248554721e+00
4.382529508929754236e+00
5.731367900237319901e+00
3.697902397287236020e+00
4.745020127713480917e+00
3.790840013890623084e+00
5.471592637182948415e+00
4.537931469259984141e+00
3.633764075411533678e+00
4.510293955497624907e+00
5.367261501989559314e+00
4.266251595276336239e+00
5.529707137735661249e+00
4.647178985911370575e+00
4.696765992735872253e+00
4.331120162266967277e+00
4.910198388160637251e+00
4.330270520591287919e+00
5.476685039172270564e+00
7.200775222406432086e+00
5.135901022299957042e+00
4.301168653072698689e+00
5.060076779384671930e+00
6.356253206428425173e+00
5.203865235502610709e+00
5.406753045297797655e+00
6.254914553501182972e+00
8.458598155178847833e+00
6.995407122575356240e+00
7.166428562638730959e+00
5.214672090310672914e+00
1.061190244051519116e+01
7.549867190942124218e+00
7.859166186775106588e+00
5.136767112783195977e+00
7.919837998438922000e+00
7.170595634639654214e+00
7.540294088258240990e+00
8.688619992018832505e+00
9.128473485799645459e+00
3.933624479032625576e+00
8.535286841263367563e+00
4.622827460334255179e+00
5.861082838011315133e+00
3.254914359890732189e+00
4.711777540735250014e+00
3.283607742751907921e+00
4.151751044558961823e+00
3.824245094913254039e+00
4.386720125204278453e+00
3.567369648986515429e+00
3.948497634770097076e+00
3.340887089887374373e+00
3.928678552958535075e+00
7.241745278133387309e+00
3.840631610607284419e+00
4.140158203966133321e+00
3.426223270438073953e+00
3.709544958499556788e+00
3.955036247588866072e+00
4.841237960169674892e+00
4.639317037927939147e+00
3.642892984352494867e+00
6.657679137768516497e+00
5.073074066962330875e+00
3.984078760928722929e+00
5.684424608866909701e+00
4.971265949265123218e+00
5.742577951230428468e+00
4.277511101358913770e+00
5.440138157088565407e+00
4.847568022348290206e+00
4.028050605759244007e+00
5.059642524920489493e+00
3.690521482450290769e+00
5.675678283937074298e+00
6.753417161743453079e+00
5.875832057136537223e+00
6.531586933059220890e+00
5.365055495859087031e+00
4.494280263967816325e+00
6.129387903576286156e+00
7.824360380992660069e+00
6.284925464827253450e+00
5.728399849979029845e+00
1.003665960983813221e+01
6.764485364986366989e+00
7.505033307269633802e+00
7.610236841995232204e+00
6.942808183043378989e+00
7.970253295865294518e+00
8.053935873296747872e+00
1.045336891491985298e+01
4.873091069745255410e+00
8.666088736723200014e+00
8.413474004722075961e+00
5.237990659264944782e+00
5.873367425017854693e+00
3.077000914706120138e+00
4.666633479427375164e+00
3.815783620048194713e+00
4.047740944843551958e+00
3.754164525013425902e+00
3.346810126720471068e+00
2.691132699876138012e+00
6.532352516497001105e+00
3.758016938337757740e+00
4.108370881842358990e+00
5.663926495682474638e+00
4.979968747019592357e+00
4.488298065946857207e+00
4.448159454350026465e+00
3.774895681730524810e+00
4.590485247594584095e+00
4.477725880427512628e+00
3.970930539622561373e+00
5.456861679831626510e+00
3.504753826682203588e+00
4.806194200490178758e+00
3.186466444118277064e+00
4.599269724744251775e+00
4.098813436519835207e+00
4.191928316878455796e+00
5.821575543908071637e+00
6.136261663631060514e+00
5.183997152056837976e+00
4.560840960231515417e+00
6.366793105793145280e+00
6.873070507688399999e+00
4.966687855390937045e+00
4.813842863150640916e+00
4.577392463897290931e+00
4.772105337958796767e+00
5.597371208278730137e+00
8.446762114231932017e+00
5.913986723169432302e+00
6.600832162028400951e+00
5.913657726707986839e+00
1.049153830216350691e+01
7.459836245274501287e+00
6.670048487692715966e+00
7.812012504570087223e+00
7.793329372632268104e+00
7.538872523542425874e+00
7.383278642457694829e+00
9.541721312070613692e+00
4.180821723957098612e+00
1.077368695971042278e+01
4.983337200176164217e+00
4.362533235753908833e+00
6.468897530479281954e+00
5.598319263303635829e+00
1.098069740243815140e+01
7.474974277713013038e+00
6.129369144753275656e+00
4.514110004677585053e+00
4.991634886197862997e+00
6.238139651725995272e+00
7.365768637740045754e+00
6.611432008755844691e+00
8.355977496428874218e+00
9.830628931593382802e+00
5.680822489883100346e+00
4.585807992493654339e+00
8.469759296701795392e+00
5.039199235972436242e+00
5.314876569398573558e+00
5.204348880429217061e+00
3.317587956900602375e+00
4.854585059658246493e+00
3.837907481188737258e+00
3.316694917665627962e+00
2.946242119935579495e+00
3.561414020880683928e+00
3.925300780204850071e+00
3.708662430887212924e+00
3.921149579417307240e+00
3.070170760245316544e+00
6.375783653403223283e+00
3.560134591406332039e+00
3.338202503804541532e+00
4.665454148684498037e+00
3.703767318342089165e+00
4.272683218874156807e+00
4.145478328254037947e+00
4.035682580254576379e+00
4.079714012078511587e+00
3.979190256587268326e+00
4.510762310552687282e+00
5.119565338949062294e+00
7.211402793414210421e+00
4.035896492810733704e+00
3.599206492287005510e+00
4.145016652477444552e+00
4.210539963376069394e+00
3.663492947991590754e+00
3.988288837748705351e+00
4.955011219428552494e+00
5.455093077474377772e+00
5.526542748341777944e+00
3.708721677863521471e+00
4.165021410915909605e+00
6.100366415786194985e+00
3.041832498919166738e+00
4.906924362108767035e+00
3.836293772292435733e+00
4.152349057614570071e+00
4.668345676987065929e+00
5.243679785966356199e+00
7.111338818380506410e+00
5.848800773786868135e+00
5.703207519757770072e+00
4.978946471090946346e+00
6.684092713335849645e+00
7.394646937197486558e+00
6.012631011828268868e+00
4.437734182886637235e+00
5.747541255785034942e+00
5.828013491070836771e+00
9.689214999908482895e+00
7.105669994160526137e+00
7.017525576655508246e+00
6.817325969897136240e+00
1.106524325105169915e+01
7.813885474351218718e+00
5.817052498767058211e+00
6.386852088487861678e+00
7.764632415508096130e+00
6.627013699665339708e+00
9.755648844816128928e+00
7.894164692970117692e+00
1.028203807784719004e+01
5.996639917707645928e+00
8.817385609261556567e+00
6.681401444361900310e+00
5.317965605552167574e+00
5.099715929400662873e+00
4.531157036528144388e+00
4.060684412031499768e+00
4.070563523115769300e+00
3.581205546019272212e+00
5.320914950530537979e+00
3.236935400663912166e+00
3.696474664736867588e+00
3.690420133881417986e+00
2.745101945313161984e+00
3.646568708189783958e+00
2.587208602923608325e+00
3.201985468293775394e+00
3.467277767757349416e+00
5.119767145965447241e+00
3.571291520159797006e+00
3.569972465107531079e+00
2.558687989314895717e+00
3.673847304410819969e+00
4.225050815809126448e+00
3.083195411734713343e+00
4.423019203297529955e+00
3.954093854740092340e+00
5.444126349438310086e+00
3.915929440153705698e+00
3.886372124433651098e+00
4.444610342265789882e+00
5.139993704772097161e+00
3.773900851788738908e+00
4.452624939930397652e+00
4.841661482725980292e+00
2.966281557914295597e+00
4.498094860169911335e+00
3.956494411862980343e+00
4.268038248182225658e+00
3.942110530117548528e+00
3.118717897664946115e+00
3.952221152196043086e+00
7.471489017484929107e+00
5.491409316304441290e+00
4.825928126491328740e+00
6.585566614567156307e+00
6.239299926708653743e+00
6.105584732543306359e+00
5.532403138987231905e+00
6.251067928881421487e+00
4.455874360570089010e+00
5.092375744494330725e+00
8.854034381411855392e+00
5.744468447888293916e+00
5.552958803959089806e+00
5.577552844534372056e+00
1.049432204901692245e+01
6.986082634397617674e+00
5.948788878619633458e+00
7.491022450333963079e+00
6.364123918543054259e+00
7.526530911959127934e+00
6.779390718100303026e+00
7.381012065649295906e+00
8.615996336917028486e+00
4.756643027696028092e+00
5.235119855844367009e+00
4.813887658343337428e+00
3.771940451469576683e+00
3.678276486311457649e+00
5.640477276025377407e+00
3.993917913517022633e+00
4.528350099638194237e+00
4.980059703573645358e+00
4.054981822979721429e+00
3.343919229006622196e+00
2.785174146033501330e+00
4.939108490277280161e+00
3.916851155771671866e+00
3.490482871180137447e+00
2.884372723062718080e+00
5.187073916750527758e+00
3.549097587393535758e+00
6.675921675305334091e+00
4.296526803619246770e+00
4.708374529373241302e+00
4.564992703501431492e+00
4.315934074285136646e+00
5.253490636574801087e+00
3.491249703731455600e+00
6.189956577834353268e+00
5.531056624254162557e+00
3.467029924124337636e+00
4.591989789595868565e+00
4.808236656361708050e+00
2.891761259336202095e+00
5.860382298439850146e+00
4.127025965411406538e+00
4.503175054187033233e+00
3.907161772601645655e+00
3.465082749244794869e+00
4.370107052505621148e+00
5.233175108140996734e+00
9.326543265654295922e+00
7.358651170831641330e+00
4.388543326311529214e+00
6.819821581847726577e+00
4.718002430037135042e+00
4.873410784756776692e+00
4.903108216187206381e+00
5.201432270734423824e+00
4.050314972078329134e+00
5.026604289727758079e+00
9.137077658539009661e+00
5.335125506578543231e+00
4.745982461075309189e+00
5.124610442787438380e+00
9.815298955744420795e+00
6.407017504195008151e+00
7.675578623153720415e+00
7.308932616765547507e+00
6.424946144676978221e+00
7.405806145434021381e+00
9.487955985598283348e+00
8.169447927231814788e+00
7.633188199273377883e+00
5.245153989605208622e+00
2.889597362723111296e+00
4.392006616174635170e+00
3.782597585726845679e+00
3.492688637558778897e+00
4.846702464529121457e+00
4.958912858736705509e+00
4.318537003189101497e+00
6.881830427488580426e+00
5.143217374647475637e+00
3.549797560375417937e+00
2.899389986008300557e+00
6.136703378151373123e+00
3.413841187637928432e+00
4.174332670427098435e+00
5.006594862130194556e+00
2.766875592198713374e+00
4.539099377189589113e+00
2.350393637972190142e+00
4.287895883163963084e+00
3.173211465821661026e+00
3.187506984850096536e+00
3.635679130379112944e+00
4.189039393682982393e+00
4.839143758832889830e+00
4.501939324543785759e+00
3.955802969736713859e+00
4.312019121990527282e+00
4.410487725126818859e+00
3.079442750869928247e+00
8.004110970481697507e+00
3.672767517841667217e+00
3.218429191576639425e+00
2.822945403627450389e+00
3.468942463747116900e+00
3.200307818417871708e+00
3.582915166452801170e+00
3.593882712926595335e+00
2.845305303583895551e+00
5.067332816719916977e+00
6.785002980006851203e+00
7.247630065280762146e+00
5.423626823085350601e+00
5.907440973587941180e+00
3.173965215626209702e+00
7.304495233930687448e+00
4.305393421715080216e+00
3.243090261233471328e+00
4.421720349891161916e+00
4.638948224639229956e+00
4.077002986060890066e+00
7.370432274514183923e+00
4.449061720072537973e+00
4.409574649040060024e+00
3.378419094817456614e+00
4.219005503415652392e+00
3.587429941047199033e+00
7.320386733484446573e+00
8.753915879743694006e+00
5.940759546468700414e+00
4.007803846511381884e+00
4.151744521980562652e+00
4.844927642580673322e+00
5.005736070000672555e+00
5.041362734695152170e+00
5.474291719617556673e+00
5.548468188033480075e+00
6.754758064904482495e+00
5.942764213801646989e+00
9.444110642874791850e+00
5.613709358610665667e+00
3.409316877154495273e+00
5.964982425627785467e+00
8.316992434356560437e+00
6.398104991483649862e+00
3.881366428440631289e+00
8.019066642521623933e+00
9.175852893408231736e+00
7.673296309382505065e+00
7.114275574047152162e+00
8.528976493965540584e+00
1.048719683063576191e+01
8.821728189221705208e+00
3.209441440781776400e+00
3.320608551047857127e+00
3.393492966059163507e+00
3.079448131540830413e+00
4.403471056680189122e+00
4.308984244133036157e+00
5.412484389929324458e+00
5.081251683975135158e+00
3.303687353352407818e+00
3.665560655129599610e+00
5.696388818584916969e+00
3.510504967041955027e+00
4.208143611218984503e+00
3.371135627081910169e+00
3.954361650996637501e+00
4.843639030973180937e+00
3.860686671524208080e+00
3.750591702136663042e+00
3.735193129190829353e+00
3.780895174722431751e+00
4.109793298848330778e+00
3.033466716254622053e+00
4.176851658539496803e+00
3.851880446732952379e+00
4.680646373583843278e+00
4.168217969021427827e+00
3.481633360525651533e+00
3.648935056557544687e+00
3.709279202007976561e+00
2.797625322203348475e+00
3.947902418734894781e+00
6.900966497750704143e+00
3.627659361165482377e+00
3.261873062258825673e+00
2.935076479302725971e+00
3.650755268940677478e+00
3.290109936962435366e+00
2.498730988886289417e+00
4.205419999888680316e+00
5.048327692223220531e+00
5.378427918151492015e+00
5.148403924797165132e+00
5.052802064559484663e+00
5.452487350434612523e+00
2.895821624644959957e+00
4.330018988884988929e+00
4.179599370642170797e+00
3.220358228704129022e+00
4.377583429583733476e+00
4.055407210846355248e+00
2.625681072502615621e+00
4.370241845615518095e+00
4.053363937493750235e+00
3.410736139137729772e+00
4.973944083869616506e+00
4.216791591225996783e+00
4.336411778492688107e+00
6.535393167139430304e+00
6.915811959799050612e+00
4.108121776211370424e+00
4.746006111034034802e+00
4.762030773257897920e+00
4.849231515277379501e+00
4.616381211796953821e+00
5.206007653815857061e+00
5.141038250809439880e+00
5.084364523056470908e+00
9.347187281467833841e+00
4.845845706512461604e+00
5.491877352662640099e+00
5.640319028662918122e+00
6.925673776806210213e+00
9.888041855633611377e+00
6.962444293688571761e+00
6.523323481737432594e+00
5.994770978350306478e+00
7.512061919280574429e+00
7.437974349733223356e+00
5.190712116770636264e+00
8.408436648614857845e+00
1.045501547672211728e+01
3.876752394140362767e+00
3.240925334980581329e+00
3.885241370122618942e+00
3.468564306986455126e+00
4.168082057235565685e+00
5.634539105899023070e+00
4.337378486428001167e+00
2.708955878732439260e+00
6.187073626782206404e+00
4.918206860253368617e+00
5.761411788901350306e+00
8.025965874401702393e+00
3.871008933758423698e+00
4.377390018206948952e+00
4.097380157153437175e+00
4.048392537836257965e+00
3.517657456263161730e+00
4.538005303143364699e+00
4.289742705015180846e+00
4.332524205853603760e+00
3.257625338566110251e+00
3.684520029811451547e+00
4.269040566602624764e+00
4.160169176715255546e+00
3.896463666224584621e+00
4.516774831962218961e+00
4.376095969312792988e+00
3.508714836316788155e+00
3.643379165253773699e+00
3.823226816607579792e+00
4.161014092454151658e+00
3.216187926651353557e+00
4.213271431775532427e+00
3.552333174471398181e+00
5.232828043194386325e+00
2.637611761806513133e+00
4.237529955454726327e+00
2.952018817827692931e+00
3.214974346029835228e+00
3.555520790003936060e+00
3.148656186847773597e+00
3.183125077307509709e+00
4.395834431635224249e+00
4.438742930872618508e+00
5.530955615619197907e+00
4.033607512498115888e+00
4.264412294576898077e+00
4.236030369923127203e+00
4.989743605644346935e+00
4.836895761018463524e+00
5.217868141261146064e+00
2.611729903130065367e+00
3.204340492255865147e+00
3.912558959359845101e+00
3.868789129226191115e+00
4.187471073705760993e+00
3.309392850166642308e+00
3.416030198759457903e+00
4.422277280757312745e+00
3.579771218192015603e+00
4.352396622203152710e+00
3.637489583844039309e+00
5.344944278713270158e+00
7.966506556291622410e+00
4.385450107535016073e+00
3.928998371389823774e+00
6.878320493611395747e+00
4.167376659311802456e+00
3.218632996387693623e+00
4.533068456204591534e+00
5.238936859120118861e+00
3.937847023869248009e+00
4.714717992081601139e+00
4.696882669834890223e+00
5.422650674917120384e+00
8.182504984311847807e+00
7.511827128582784674e+00
4.954768514570612403e+00
4.172705088695142450e+00
7.320057253683982523e+00
6.373685524686145243e+00
6.690829408979784176e+00
8.543398344279196976e+00
7.990303993021332651e+00
7.529662590010387291e+00
7.085606947088240126e+00
8.532530080247804349e+00
1.073857458582658175e+01
4.752668129820198928e+00
5.223793943415098617e+00
5.071673901459802458e+00
4.472444960370436817e+00
3.087712020055985107e+00
8.984513527916648812e+00
4.047989749017335548e+00
4.607965516949392715e+00
6.633264828531588719e+00
6.510390823724333309e+00
4.744288794054301484e+00
4.796511555498565116e+00
4.185118448373610356e+00
6.802303772211256039e+00
3.144754962766041384e+00
4.253438988631082829e+00
3.447574577226704129e+00
5.797230003409867827e+00
4.360510575440837755e+00
4.963037677081496568e+00
4.032849336948610919e+00
4.938233077761426948e+00
4.390156044262011115e+00
4.343740490530896281e+00
4.080993941490524968e+00
3.886160165781228137e+00
3.494201659263204807e+00
3.645863136806982485e+00
5.050521230512758031e+00
4.039523548669850861e+00
3.374335006920156310e+00
3.577716790945816072e+00
2.327307357581137381e+00
2.919152932316765536e+00
3.014666681840516116e+00
5.681848823220210676e+00
3.533805102145349153e+00
3.508260922452203001e+00
4.795117813721192945e+00
6.714143124503095805e+00
6.242393785838036280e+00
6.678470523804862502e+00
3.775857290691767343e+00
3.794385233350884956e+00
3.575128214371356528e+00
4.259883293703626173e+00
4.078042510706146651e+00
4.648467162889018844e+00
4.668912140629734253e+00
4.478057723650552546e+00
4.715400581139282288e+00
5.325167372906976837e+00
4.312179231944504920e+00
6.003572058783562149e+00
8.822294076272529040e+00
5.732035766531478060e+00
3.363109501426207792e+00
3.822696712213470516e+00
4.640200168369475797e+00
4.465270424233186652e+00
4.232360056411167193e+00
5.735651555079963160e+00
8.608319668136264369e+00
6.814700916139596387e+00
9.021384333933209376e+00
6.517726532528583583e+00
4.717005121148767799e+00
6.009675431600895124e+00
4.603969332699218597e+00
5.119411069762032973e+00
7.768908860701821517e+00
6.908318660777902132e+00
5.164507992771062206e+00
6.488544222596430266e+00
7.173342199949781062e+00
1.067944129930915231e+01
7.608191635539433229e+00
9.274301283358903802e+00
3.145256282795171998e+00
4.558772270196879361e+00
3.916618109744768983e+00
4.429298077049578453e+00
3.744940913022425821e+00
4.557031667337725800e+00
4.904708595389810633e+00
6.931879339793845851e+00
4.464492496324318438e+00
7.204497320845288044e+00
7.190977576796128368e+00
7.440615046765908680e+00
5.171085235238210842e+00
3.478216989409906645e+00
5.562918892832195539e+00
3.402625295356036084e+00
3.591553128143616380e+00
4.855132611084137295e+00
4.044975981976694612e+00
4.879061381550716447e+00
3.647888308271121538e+00
2.966091217914031297e+00
3.860382202188555656e+00
4.408938506532389390e+00
5.574542072677700411e+00
3.310334326114872106e+00
3.602232785353593592e+00
5.213109328819037103e+00
4.401372871571097356e+00
3.381845016557539108e+00
3.580918406123890119e+00
3.779750027134954671e+00
3.611618596044540386e+00
3.487040738882829949e+00
2.826383041685312847e+00
4.274578589046361898e+00
4.765257773368265504e+00
2.987628701098402839e+00
3.131566167451699911e+00
4.393752070047992397e+00
5.738255495974060594e+00
8.246173448951982010e+00
7.407392338384378050e+00
7.280851664535363810e+00
4.436750941264808290e+00
3.283562093943146465e+00
3.393330177056335550e+00
3.315595601919914426e+00
2.771906597675413142e+00
3.741349248346752088e+00
5.747241082721336269e+00
4.658415429403059527e+00
3.669306941262596045e+00
4.367532651989268544e+00
5.417511686844719954e+00
3.566075849272568821e+00
7.186028093584671872e+00
7.631670563572045651e+00
6.181669620127721920e+00
7.905944370026702472e+00
3.595961581618323688e+00
4.877595425622146763e+00
3.779944698958523031e+00
4.595275290760350018e+00
5.337926288639103234e+00
7.669271558254890486e+00
8.860441935625017251e+00
5.988767235691113910e+00
5.522626163928157084e+00
7.403331020318151268e+00
7.715147491773704402e+00
6.610797934046102498e+00
6.098165437180422366e+00
6.334551576093057967e+00
6.904041020163820264e+00
6.137231732520254113e+00
8.745989692286944006e+00
7.551236563309717376e+00
9.263989209187313278e+00
9.915927439383379394e+00
1.014952571356084832e+01
3.833687391605393291e+00
4.256780689352467562e+00
4.049570429304393038e+00
6.174355630044162879e+00
2.841420146424490589e+00
3.207527823254842758e+00
4.917640815720831782e+00
4.245039462310317369e+00
3.644758265311655698e+00
5.186792695717425516e+00
4.849764259057923965e+00
7.296267777737927673e+00
7.418741850127277715e+00
3.976712870340062711e+00
4.242262403965874284e+00
3.848875529815728669e+00
4.752379295763963007e+00
4.411612669808125275e+00
4.600220986068999984e+00
6.913034233632332715e+00
4.218558360958515330e+00
5.065747391884063866e+00
3.917129356923854999e+00
3.442814979133276942e+00
3.980918145350567539e+00
4.620802733087534975e+00
3.874906581130295624e+00
3.425331956850184323e+00
3.143454175397058847e+00
4.291329478189329194e+00
3.901405779168781507e+00
3.268418239790027435e+00
4.228509896936258450e+00
4.229648633296233307e+00
4.132870471394181067e+00
3.790223231138102555e+00
4.428447498547269490e+00
3.788600623598394446e+00
3.664966181956331503e+00
4.292576908309918338e+00
4.288074855990223533e+00
7.054917974882356724e+00
7.322043402448755067e+00
7.476378513208356225e+00
4.311089654526615966e+00
9.047245863500828378e+00
3.547880432880776258e+00
3.677293568931961243e+00
3.097981836729599259e+00
4.481672339992676335e+00
4.461427851935618527e+00
3.173248667597431183e+00
5.037170574603055506e+00
3.203644435092946274e+00
4.615394858460279970e+00
3.913275820289633611e+00
7.067891237603084242e+00
8.056437352346103253e+00
7.122819253100697523e+00
7.513884238531291615e+00
7.423485460193279373e+00
6.773141135973435034e+00
7.532947070329716333e+00
3.146658868601089232e+00
3.985839667144983611e+00
4.940499278515444459e+00
4.883782422030880532e+00
5.156151483413190739e+00
4.439461502421738537e+00
8.847974217588262746e+00
9.443102641472471248e+00
6.215498087274694328e+00
6.673566837656930595e+00
4.736430703171905954e+00
6.797599311320897897e+00
7.657767045446125742e+00
6.974073429945217839e+00
5.558812418247834231e+00
7.109170597929447055e+00
1.001792322285047199e+01
6.924547854454228712e+00
8.079395422961795248e+00
8.111381132974758046e+00
9.531419660230000090e+00
1.045286632583783160e+01
3.471157374073607027e+00
3.792309305382145279e+00
3.896989081667966204e+00
3.597438112176521763e+00
3.540952545639605820e+00
7.128420903390056296e+00
7.958892148056603943e+00
6.132651397696024631e+00
2.959978793211308634e+00
4.971934048788595462e+00
3.224120560176471528e+00
3.639503696116239251e+00
2.794460760666288124e+00
3.753798504704318972e+00
5.036775238613798500e+00
5.200578857597801807e+00
6.169116183532600495e+00
5.572316925940270060e+00
4.202611211336110486e+00
3.384362557222703405e+00
3.743638087784747714e+00
5.448816460568970399e+00
3.602694829774820029e+00
5.213749671665255825e+00
5.018891651747158456e+00
3.533698649149166204e+00
3.980562665468057926e+00
3.005285931086803863e+00
3.649323267822547567e+00
3.271540735955333012e+00
3.676112645246130572e+00
4.069589961796816091e+00
4.138694300783821056e+00
2.996705361608238860e+00
3.397462885836298963e+00
3.270439906979638156e+00
2.510017450039461195e+00
3.474978829092573385e+00
4.575773945126089259e+00
5.024711598810235991e+00
3.546454107652650123e+00
7.206800345304293920e+00
7.551048975115748796e+00
7.214329603561894899e+00
4.584277483919640517e+00
8.810011312826558694e+00
3.459915897948546259e+00
3.430672329544727450e+00
4.515187831641791938e+00
3.633195342824771412e+00
3.508269177075122425e+00
4.635757838053608637e+00
3.720136780259715170e+00
4.140658484362526259e+00
4.854615558402702646e+00
5.950435110890845536e+00
7.232994751894628926e+00
7.705275231019864890e+00
6.532751883685437910e+00
8.320746003851052564e+00
8.137914080614919499e+00
4.732345598596912950e+00
3.377956073322539332e+00
4.053116819941124938e+00
8.441200764693883585e+00
4.481825226640942184e+00
4.257633916820383391e+00
3.633286330661649188e+00
7.960408521262218429e+00
5.550150416641009166e+00
5.079487995000284251e+00
5.646485756608724316e+00
5.021212140777512545e+00
6.298551074598965016e+00
7.455266182913806716e+00
5.457763057159254139e+00
8.405385271436776051e+00
7.911917264775413017e+00
8.737230738938404073e+00
6.309436452675249107e+00
8.269079110544732103e+00
8.277983481486428374e+00
9.897920246892944363e+00
4.925281021599359654e+00
4.426615460852728390e+00
3.718626189457615361e+00
4.024481674996938985e+00
5.756945693791025498e+00
2.828448272347692249e+00
3.680675355401759052e+00
3.624993237250249578e+00
3.463645389501664784e+00
3.146086282190207140e+00
7.722387860428065132e+00
7.185224995342935905e+00
7.596462849773895520e+00
3.567072778049058979e+00
4.021432602811905177e+00
3.548364362759868662e+00
4.672087545062715286e+00
3.386926700166696946e+00
3.815177123553058269e+00
4.577957247587726819e+00
4.894964212387623803e+00
3.610600507430441475e+00
4.718505252483071288e+00
4.850026154752574925e+00
7.937032769914078578e+00
3.900970908087768141e+00
3.936473317941318051e+00
3.725245287636168801e+00
5.048426269554114221e+00
5.104384130308372569e+00
5.842058856879011941e+00
3.227524192854464680e+00
3.785028775241512822e+00
3.063705306297364928e+00
2.638100577495038568e+00
5.288312364077746075e+00
4.059183311919404069e+00
5.032205406122688629e+00
3.837237403949989911e+00
4.017874649172900270e+00
2.939682496373342779e+00
3.504989404419793342e+00
5.814737910538135601e+00
5.096487034016829121e+00
3.533285512658870697e+00
3.349881026667243411e+00
3.891692379571310312e+00
6.783287973909508217e+00
4.878674871819692171e+00
5.529242907195777157e+00
4.399687322710619242e+00
6.963110977800315737e+00
8.806275496793357860e+00
3.804320473861645624e+00
3.888151427170018160e+00
3.006872510884524452e+00
3.712562442423208875e+00
3.152239139000501122e+00
4.063877825804382837e+00
3.372239206163153202e+00
5.644928290287860584e+00
7.314241855381760082e+00
5.697108136915804977e+00
8.084779247595427876e+00
7.852912920159694110e+00
7.113528930663063576e+00
4.528547122608106434e+00
5.001961053325122641e+00
3.178368170606373333e+00
3.990524538113231490e+00
5.441930539842364745e+00
5.027377208738648129e+00
5.130654013529102109e+00
7.943623706651853134e+00
5.484051691784461724e+00
4.524858533425465623e+00
5.105164296367854959e+00
5.007358627007201690e+00
6.482342445175159007e+00
6.773573111571089989e+00
7.222904218821488698e+00
7.344287888504288375e+00
7.130732154488106822e+00
7.475805540040527220e+00
5.588080308297456611e+00
7.523379945571268657e+00
6.872739254266850395e+00
1.012074095246573080e+01
7.645690285849615186e+00
4.109868035559848920e+00
6.330732424246003021e+00
3.346246528878833004e+00
4.648207239446163541e+00
4.068001406684951249e+00
4.540579278910995775e+00
3.750177133069450885e+00
5.403805861224498130e+00
5.516550906460252257e+00
4.764284656657342687e+00
3.696096664186126812e+00
6.619817528726525069e+00
5.865448953789221598e+00
6.575518742635432901e+00
5.594771801502787412e+00
3.790816255583545402e+00
4.265581177729320217e+00
4.520502148091504857e+00
3.873939454700961349e+00
5.044128960361538461e+00
5.820634019693981642e+00
3.930201085609681844e+00
4.477961807454806653e+00
3.585213854473017658e+00
4.473928221606589872e+00
2.570130549357688921e+00
2.977769818612030495e+00
5.150150221276228457e+00
4.912844722781965601e+00
4.280069636094806285e+00
4.279060165574674279e+00
3.405661307376805169e+00
3.002924253684881695e+00
7.700296355436297091e+00
6.321805397544676630e+00
8.752797192901336842e+00
6.193191262828517729e+00
6.058099710597304899e+00
4.150378562050210718e+00
3.938347806596596445e+00
8.369597735451147713e+00
8.340320249362449090e+00
6.741587650802132181e+00
7.763006244433440450e+00
7.798073777440700738e+00
3.723384826986068763e+00
4.799397654996193197e+00
4.143696498115413185e+00
7.647569473067980184e+00
5.590534484559242401e+00
5.276050622181508665e+00
3.392129970920505055e+00
4.167276847343568846e+00
3.772302214458056024e+00
7.915112380349325960e+00
9.723299634294772176e+00
7.787786594330016854e+00
6.999842744090363666e+00
7.001838543737785692e+00
7.124351642795049955e+00
6.252910574694572787e+00
6.418554726005466726e+00
6.086278807527052415e+00
7.192941280897962031e+00
5.576773178316575041e+00
6.403857722757710036e+00
4.294825698610131859e+00
4.145411637341083200e+00
9.527714814220050954e+00
5.846327699037762393e+00
3.500119845330269097e+00
3.907810363886055516e+00
3.628279075757967043e+00
3.450403796566117620e+00
3.836561802303859015e+00
4.930470562849939675e+00
4.512109158897379402e+00
4.003901764313178013e+00
3.904071979929091274e+00
3.870211263983542871e+00
4.004924834623595054e+00
3.802557363902780985e+00
4.652372722955666617e+00
4.663068133065488396e+00
8.230828480784056822e+00
3.797123410585743652e+00
2.393918062201257690e+00
4.110770154922510855e+00
5.327727806899797969e+00
6.105096257181661379e+00
4.436861872253273553e+00
4.347663714407329572e+00
3.429540060669779233e+00
4.299916958324804028e+00
5.207216742989791314e+00
5.704598990503842337e+00
4.464062125440996454e+00
4.016638284141465398e+00
5.160840236591559105e+00
3.076302534889175710e+00
2.717448367649991869e+00
4.521040045044010469e+00
3.575038036477998116e+00
3.538049992998166360e+00
3.703187677665992883e+00
3.943050510859725133e+00
5.048675346397766717e+00
3.203258756209344860e+00
4.415037841437275290e+00
2.638056905590409063e+00
4.992039428654470257e+00
3.280886248658283932e+00
4.169557347358061605e+00
3.718687204341242225e+00
7.930202877358501823e+00
8.774575268606476186e+00
6.362726792736506987e+00
7.287291965496228485e+00
6.051231322686403402e+00
3.897781152121404968e+00
3.909177476377564631e+00
3.326475015125705426e+00
3.937300355351039727e+00
3.572218916112882781e+00
8.943129828906151602e+00
7.305434428456559104e+00
4.698387487545684138e+00
4.095323289682414547e+00
4.546750768827181766e+00
5.659958129327256060e+00
9.041227611534228714e+00
6.285194636874800622e+00
7.969291212683508263e+00
5.990664118181953768e+00
4.347219822385916643e+00
3.181622863850089189e+00
4.547992822592497042e+00
6.151284873854919510e+00
9.039527745166196837e+00
5.567897464658651430e+00
1.007751542596220418e+01
8.294939762628793289e+00
7.299502940541927387e+00
6.940933682685932915e+00
4.277580316847226172e+00
6.712985529413129093e+00
6.711412993048540443e+00
6.957518285461319785e+00
7.854023545828925812e+00
8.987368097322399052e+00
3.793110456701842992e+00
1.016557842510464837e+01
7.582908143582512750e+00
3.662477075222305256e+00
4.976244921324454396e+00
4.056559118864124791e+00
3.356153820661396114e+00
4.869569874830999012e+00
3.076734304035929846e+00
4.410053928439469750e+00
3.952372844186344381e+00
3.828590995170726874e+00
4.600329029306739592e+00
3.624202012935532125e+00
4.614524653105680940e+00
3.360294976231620101e+00
4.816888638505459674e+00
9.019993963478555088e+00
4.933206868078806373e+00
6.599591373605955269e+00
4.167079451592805128e+00
5.022169527689325896e+00
4.796876710761227791e+00
4.322529346554531138e+00
4.449560040983725706e+00
3.854319492855434515e+00
8.300467291609789910e+00
3.267145449943309021e+00
3.623840909907151353e+00
3.993032464764994405e+00
3.815813484989354354e+00
3.246654856733094174e+00
3.567684858879419441e+00
3.883450158118845419e+00
4.811230110871042243e+00
3.501579823271905312e+00
4.324667571704399194e+00
2.758435314849373654e+00
4.075738783992658654e+00
3.324471313807626061e+00
5.207295822871176760e+00
9.673435038611751580e+00
7.561458575523343661e+00
6.174979604003688394e+00
4.306839420280796027e+00
4.639461961589333328e+00
8.234170478097956547e+00
3.571702515024627544e+00
3.640681316909192056e+00
7.643059634982098949e+00
9.938041594659170030e+00
9.928801568773563346e+00
4.061142487063718498e+00
3.418009660471684974e+00
3.719568468777541881e+00
5.133151891664448740e+00
4.449317469417258586e+00
5.343169877517250477e+00
4.048634937129724776e+00
8.164872948661196617e+00
4.306341019626486855e+00
9.435527585060327738e+00
7.691690653823217261e+00
9.521901875570106810e+00
7.243504498606211151e+00
5.607386547653550046e+00
9.376664798789237310e+00
5.413387358752202339e+00
3.562123180031506742e+00
8.309662111842110122e+00
5.212186522486991436e+00
6.677818418777118126e+00
6.310959609254522817e+00
6.697163878094097633e+00
5.053178971660359231e+00
1.025267454552001745e+01
5.256844161692756145e+00
8.689024750641042516e+00
7.129939795305223704e+00
4.688777593452646109e+00
7.833278024259489491e+00
7.737948125961542800e+00
5.060211311112837507e+00
9.455137674970856665e+00
6.262152395051293396e+00
6.476348961469823529e+00
9.253734805685457587e+00
9.646953612801794975e+00
8.818575141184377131e+00
6.475673364660424092e+00
8.206307763339825811e+00
6.271588291447224073e+00
7.965670550612282241e+00
9.346111797674813815e+00
