8.605101511178354485e+02
2.706288994088592403e+02
2.557535253643143847e+02
9.504783275823837130e+02
5.905302041037055716e+01
5.789267614540194700e+02
7.152339172085747805e+02
1.720752370818188695e+02
2.455548295811229309e+01
4.602368063349337604e+02
3.732996472039214859e+04
4.343880251432539808e+04
3.406314352471853226e+02
6.710334170444214124e+02
2.996239660992506515e+02
9.655456697713214453e+03
4.435643725166206082e+02
8.390233849186607529e+01
1.042256834302971129e+03
8.194228457959692605e+03
1.084066439540517877e+02
5.820954512495762856e+02
9.024486966510619368e+02
1.974531706211810445e+02
1.929366589104730281e+02
4.383599635812049087e+02
5.331466128652962198e+02
4.878690988692007409e+02
3.358337534825057446e+03
4.066669045240268474e+02
4.767081915662363940e+02
4.784883564386774992e+02
1.349523247594823943e+03
5.389841471535407891e+02
2.450651444962709320e+03
3.438274653755315376e+04
6.524042390014394186e+03
2.026243945298600920e+03
2.032915336517081414e+03
1.181607015207892800e+03
6.112799520070399012e+04
4.660000354651430825e+03
4.419007657607561669e+03
1.017669783933429244e+03
5.124474752216148772e+03
5.873964358949424422e+03
8.371330113940546653e+03
3.353245788407533837e+04
3.330029662370701408e+04
6.779381530092923640e+02
1.134645050070428806e+04
4.126551242103362256e+02
7.750232604807870302e+02
4.645948836326817855e+02
2.949361528672591248e+02
9.379100931248083839e+01
1.260829015002979219e+02
6.190934662480647432e+01
2.828511068183377120e+02
5.955689455427312851e+01
8.830274748405349783e+01
7.268090138531702848e+01
2.283091334232050826e+02
3.277510663262628441e+03
1.376702461451878207e+03
7.775839632892009377e+02
1.114081489217400929e+02
4.643912113270314990e+01
2.175495301065122078e+01
7.009286759455246738e+02
2.452187432697189251e+03
9.544593807380265389e+02
1.442737130099375008e+03
1.811459486644569381e+02
9.951184798533957974e+02
5.418140812198376807e+03
7.421689597605378367e+03
2.541282350374164162e+04
1.024221989759052320e+02
3.868668586610443754e+02
1.378595984039437781e+02
6.762100458721346286e+02
1.599993243497291360e+02
2.514774002745538439e+02
1.225300869545158321e+03
1.681094997109569931e+03
1.032645153475406005e+03
3.545149662807166919e+02
4.130601471499373929e+02
3.609567624964724928e+02
-3.553065006476108465e+02
8.694020147187891780e+03
5.167375006864938314e+02
6.112082016069325618e+02
2.911415858966528685e+04
4.318612147094924694e+03
4.412253787593034758e+03
2.576473082661780609e+03
3.730171624315712052e+03
7.154899321570235770e+03
2.654995065334223000e+03
5.203508902983517328e+04
6.176681520157292198e+02
1.096546480364345189e+04
4.963874021030257609e+03
7.751795029626450741e+02
5.994019660864316847e+02
3.517054147312711621e+02
4.229551097943838158e+02
1.618385733820676649e+02
9.872938772642783078e+01
8.357202600287605776e+01
4.548747005951969413e+01
1.151096953853296441e+02
2.505372644437021791e+03
4.158834623072339127e+02
2.561955626109735249e+02
1.668102899442822718e+03
1.068296418317313965e+03
1.238415415587260213e+03
2.681630430790008859e+02
3.555847408222076638e+02
9.631825058873639591e+02
4.037475888002221382e+03
9.965528671729927623e+01
4.545287424005585422e+02
2.654002720639376207e+02
1.796286292490369476e+02
3.679064467434500330e+02
1.797282023773391586e+02
2.560178611681452594e+02
1.112647911405503294e+02
4.458667844655161048e+02
5.412140995283918983e+02
2.467818516481497966e+02
4.868360324460799404e+01
1.942992553845714610e+03
2.444131603842215100e+03
1.728238528163697310e+03
2.137518357583330271e+03
1.293668673290775814e+03
1.945292313910426174e+03
7.936938877058196340e+01
8.659802330657539642e+03
2.309952132209856700e+03
3.031612859373744413e+03
2.135866874150690364e+03
4.046424491530923842e+04
7.912407114748923050e+03
9.365681586728983348e+02
4.820671629320900138e+03
5.062899439648460429e+03
3.298792196738159873e+03
-4.485820535479197133e+02
2.829615063135478704e+04
3.225015194047983300e+02
2.988254560286121705e+04
1.770303525271528997e+02
1.559095052928462337e+03
1.056272014094955239e+03
6.531097462646818030e+02
7.185062950719500077e+04
7.777073904848826714e+03
4.238177330124666696e+03
1.451493160003640810e+02
3.387946316980413712e+02
1.744108435453795209e+03
3.862859525057298924e+03
3.844243546585438253e+03
1.586331855277478462e+04
3.004125472614621685e+04
4.694022713550655681e+03
8.442375238732649905e+02
9.665948894057213693e+03
6.423359581509983400e+03
3.341608118841093528e+03
2.925286390113997186e+03
2.709945416328524516e+03
3.447733703369985051e+03
9.365989149570023073e+03
6.614457622641949456e+03
6.052885341756040361e+03
7.019146519788278965e+03
7.268296491516040078e+03
4.800884509217003142e+03
6.113955449633813259e+03
5.775524351913807550e+03
1.142925630460348657e+04
9.706187308246458997e+03
7.278526922435887172e+03
7.667443058861821555e+03
6.831831888721361793e+03
8.100856880678642483e+03
1.265284223241549080e+04
4.715683947929028363e+03
4.194317269426436724e+03
9.491487013183739691e+03
1.022535699795637447e+04
1.593559318867384900e+04
1.400949833725946883e+04
3.886480223615394152e+03
8.064440400950794356e+03
9.807325678150409658e+03
9.900640720355097073e+03
8.490091214051331917e+03
6.036084063949925621e+03
5.040371371011299743e+03
9.930497008806190934e+03
1.146047889368609685e+04
4.034794798635490679e+03
9.731051625850068376e+03
8.115987281070135396e+03
7.134417855435823185e+03
6.330773897600608507e+03
7.521531255750720447e+03
9.185743499713520578e+03
8.898194526815712379e+03
1.159484013752879946e+04
2.946953694814394112e+04
8.460833174211604273e+03
9.620065758038257627e+03
6.955073731534957915e+03
1.658586155749551472e+04
1.898104982099381959e+04
1.299249486619501295e+04
1.016728571049343918e+04
1.617247482941583803e+04
1.338249380699217363e+04
3.504312801816939464e+04
1.891367099105741727e+04
1.612587765125625083e+04
1.824662141649495970e+04
8.139315245382889407e+04
4.392832003162598994e+03
3.324733170721310671e+03
4.250772041762382287e+03
6.107657753829659669e+03
7.189475552095430430e+03
3.211225128856013544e+04
8.399383058319392148e+03
4.177908704893643880e+04
2.655301071882504857e+03
7.428383360563385395e+03
2.753757359715912571e+03
2.680853997164219322e+02
1.798312783824763983e+01
1.184182668529319642e+02
1.499044959222525790e+02
1.012258826797813072e+02
1.691652674345104970e+02
2.943419399844685358e+03
1.880798862484829783e+02
-1.091864458595131282e+01
3.004949173144345878e+02
3.357966073812213494e+02
2.964499732036557589e+01
1.265413066949175231e+02
1.675266236359066738e+02
2.820327431996544192e+02
1.071062616483067131e+02
2.943445069661093498e+02
2.052368926432696298e+03
9.467049487711207121e+02
2.259962484568328591e+02
4.023217980317587035e+02
1.345426103595632185e+03
4.890705198467613627e+03
3.292046825240626049e+02
1.911952954509605206e+03
3.367667038749016797e+02
3.824380939919652747e+02
6.760856822964744879e+02
2.330709627152245048e+03
1.623149048530600282e+02
1.651501080192178961e+02
3.677726329596652022e+02
9.943011716545197487e+01
1.491878093706031905e+02
8.498531217045658082e+01
2.744825704446205350e+02
1.398543282866054938e+02
7.931211514551365553e+02
8.654283047425471977e+02
8.076352924036983495e+03
9.048946151101243913e+02
3.428915530471016154e+03
1.997413635270093891e+03
4.172474492667610320e+03
2.488635826520741375e+03
5.837255315404318026e+02
2.491574441464534630e+03
1.942796608180462954e+02
2.948584211446393510e+02
9.202688296704232926e+03
2.333820678056592897e+03
1.591352383486052076e+03
1.008376043748685106e+03
3.281108338372133585e+04
4.156013868174114577e+03
1.138929997546501454e+03
4.021212496279133120e+03
2.706386132188006741e+03
5.439396632397841131e+03
-1.348619180975065319e+02
6.145208227042375256e+03
7.165896053460747680e+03
2.708515211255795521e+02
-7.576157460628377294e+01
2.197943576813088953e+02
4.426504163360091866e+02
1.868095992268495422e+02
6.488884224554637967e+02
1.949868706760880741e+02
5.913322432436148119e+02
1.675288213345875420e+03
2.204135345443201288e+02
-1.298684728699965376e+02
1.961968253556059665e+02
5.625715881542082570e+02
5.577327514644071016e+02
2.699298751622130226e+02
4.294131151023902362e+02
1.291578675875766521e+03
2.044486720229611194e+02
2.748973338390214849e+03
1.542046210784240543e+02
2.396092186666407542e+03
1.219137199813149664e+03
2.388890581923593004e+02
3.049263817390538406e+03
1.146042100932571373e+02
8.849259079181230163e+02
1.193139664700068352e+03
1.333720506941530175e+02
3.643034941020043220e+02
2.279734900866124008e+02
1.842929251195246820e+02
1.619922460333855270e+03
9.656354261405407158e+01
2.663219352648709446e+02
8.367465528542082609e+01
5.221576886684346164e+02
1.076008233526318236e+03
5.988615014979970965e+02
2.761817356998850300e+04
1.663884233224829359e+03
6.653434263530847375e+02
2.149912990253928911e+03
6.299929331023314489e+02
8.933523179470564628e+02
1.303135789873586191e+03
2.804573834078954860e+03
3.967879796967824291e+02
1.404548756471668639e+04
1.199984612979104168e+04
2.993236429266310097e+03
9.983778921669543251e+02
1.156391059379635408e+03
4.725226921750982001e+04
2.422875277024607385e+03
7.058706696773917429e+03
3.026119889971012526e+03
2.216079228690125092e+03
5.071381646705147432e+03
2.083301197981402947e+04
8.202420381586855001e+03
4.520860326900856307e+03
2.541504275655544006e+03
2.314307397277368636e+02
1.627041703411586013e+03
9.802226536845487317e+02
1.084964542467220781e+03
7.022298570242293181e+02
1.315315001553677348e+03
9.027747455171671618e+02
2.236464949454673388e+03
5.437557599436649980e+01
7.159163055651655441e+02
1.775675892109872620e+03
1.935893586271502272e+03
1.135758318579375782e+03
9.475988172222378125e+01
2.284007538583990481e+03
1.676371394357341615e+03
1.711784810935406313e+03
6.993418951138514217e+01
6.817093562003245779e+02
4.081473527631278557e+02
4.481530219736632148e+02
1.313641957287060222e+02
6.033489486351156756e+02
1.222247423012698391e+03
3.237373251418175641e+02
2.449480636510268994e+02
2.608556807975322158e+02
2.598357831878271327e+02
9.640811051761406247e+01
3.772917915548607652e+03
3.531154302258101438e+02
1.331439042849481211e+02
2.295163380103159056e+02
3.939949218011259404e+02
9.968815079523697875e+01
8.210484142899886137e+02
6.807631140256493154e+02
5.712479199208760292e+02
4.175128316158212556e+02
3.333391415944775417e+03
7.773380900256401219e+03
3.132920393967616747e+03
1.061758977572782896e+03
8.477100050608484594e+01
2.053809197640467573e+03
2.151511394033475426e+02
3.241170980413762095e+02
1.768476689805996500e+02
3.699168697712039489e+02
1.028999268475954239e+02
1.744892019198314074e+03
2.439101975200504739e+02
5.380940845137926090e+02
4.200989916732094684e+02
8.311129548731527166e+02
4.410889939299450475e+02
1.559511362708710521e+03
9.147248748042162333e+03
7.875520177722494282e+02
3.219928876245023275e+03
4.165966723212609395e+03
2.602090722630737787e+02
3.937934458688750055e+03
3.770590649564556315e+03
7.734472424893457401e+02
1.343903975086618175e+03
2.035788032885714301e+03
2.327567825589184577e+04
1.629273517019010433e+04
1.392079410523208480e+03
3.335726753164945876e+03
3.163211717481938649e+03
1.263967535022890297e+04
1.900436712533726222e+03
1.022904531690520230e+03
2.074758594737003659e+04
2.553956904214674796e+04
7.442962292689734568e+03
7.949978795914315924e+03
9.810954691434981214e+03
3.084232450566724583e+04
2.109105722040755791e+04
1.539385668705681098e+01
-4.499223895019451902e+01
7.558553133946014668e+01
1.055490745632113914e+02
1.573611603368100020e+02
8.843099074841447305e+01
3.302564372183321666e+02
5.158952492314851952e+02
4.825076955830081715e+01
1.022950023087562670e+02
7.902786885481217496e+02
1.941461679708790484e+02
3.766125032802535770e+03
1.528590173606033602e+02
2.439490670296638939e+02
5.536364594537138828e+02
2.941899960282849520e+02
1.503278644790083263e+02
2.438235593886105903e+02
2.229775282254341562e+02
8.708308182623176208e+01
1.563983088312126313e+02
1.275641478967935001e+02
1.554091004776472005e+02
2.056251696310386023e+02
1.604655477300857171e+02
1.203954341746722463e+02
1.117271696999410011e+02
1.065839253049742723e+02
1.620330125898281040e+02
3.109572514069292311e+02
1.276638233508189614e+03
9.080256354716000544e+01
4.019520894718394288e+01
8.351816525319081563e+01
2.523412620697809814e+02
1.244925182527735075e+02
4.196594373046499982e+01
1.108120582424967893e+01
5.267652843999430843e+02
5.646747515015338195e+02
4.443169335956567920e+02
2.713088010258092027e+02
4.969414236429528501e+03
4.956030322484119921e+01
8.485673310733474750e+01
9.178087347516361660e+01
4.842646497373230829e+01
9.512246236257271903e+01
1.209724888984025313e+02
4.611954973831124960e+01
1.832946657351176555e+03
6.771824497837255308e+01
1.366625167315728788e+02
2.539019944410647440e+02
1.642553193628484109e+02
3.367483822493917387e+02
1.862213209401463246e+03
1.453235478640220435e+03
1.205512146370810740e+02
1.764788934550767863e+02
2.890979676200889230e+02
1.093983551325524672e+02
1.288477304836730752e+02
3.453813958536359792e+02
3.156624022661958975e+02
6.788778916633290805e+01
1.687962027539546762e+04
5.807876522652877611e+02
5.057900841099640274e+02
7.367380198962459872e+02
3.565232872319179023e+03
2.706339525304009294e+04
5.945062727880849707e+03
7.325739002122949159e+02
1.405839923717923966e+03
1.027372586786643296e+04
4.773028453057859224e+03
8.923977190082914603e+02
7.092981229136094043e+03
3.967688207129063085e+04
1.010064045711386598e+03
1.036201848647906445e+02
1.490984924940348947e+03
5.514980844292226436e+01
2.020015449520960260e+02
9.624597688714093238e+02
6.031997434182221696e+01
1.481811651830979031e+02
1.612854326825950920e+03
3.118103715822245476e+02
3.720704056691476467e+02
1.323025259951700718e+04
1.890306870639173837e+02
3.629707408274087356e+03
1.787343405230625706e+02
1.854571692791688520e+02
1.463188397017455884e+02
2.059600403113392133e+02
1.307932102687034046e+02
3.405448608270372461e+03
4.187812588110189438e+01
1.010255348339290151e+02
2.329707498972823032e+02
1.669782657686709229e+02
6.938976629620611902e+01
1.509103076213636996e+02
2.245108606010657297e+02
2.820318297592367571e+02
3.399986363185283835e+02
1.181909282817143918e+02
1.904748900057100798e+02
8.820781830343422314e+01
2.569450575742817477e+02
1.118525855821093842e+02
9.515072876508675108e+02
2.812969761383902423e+01
1.375228152342296255e+02
4.093125058355260393e+01
2.199402666901713133e+01
8.725302314564250139e+01
1.262573294221849892e+03
1.532404471522683309e+01
1.834704489742923386e+02
5.366202197718683919e+02
5.739388021135914641e+02
5.801931278766342075e+02
2.997665868501767818e+03
4.589622549488091749e+02
1.922481080985457083e+03
5.781994049374101223e+02
2.167384661278003477e+03
9.950857470347968103e+01
2.005378073644235144e+02
1.057463131622920400e+02
1.762939729963743787e+02
1.697853088875473304e+02
8.308018802260738767e+01
8.372946238079833847e+01
7.758314999339359019e+02
1.154880242539658326e+02
2.297712782728071943e+02
1.230161338722256517e+02
3.122453196270737976e+02
2.436330271089055714e+03
2.769760643122313581e+02
9.798216632301299001e+01
1.858555466855485747e+03
2.220694633200571673e+02
9.163450639420207153e+02
6.957248159066666631e+02
3.290081579420869957e+02
2.127155346705713441e+02
6.550312341830783680e+01
1.340174765679451525e+02
3.055778466056520983e+02
1.022610470767725928e+04
4.823777851766390086e+03
6.608595904937515115e+02
2.251564401378981302e+02
4.594606221429934521e+03
1.097048260494090755e+03
2.213856601057553235e+03
1.196479352964643113e+04
7.492482393374379171e+03
3.510487660507776582e+03
5.248236122546034494e+03
9.005746660209895708e+03
7.557408403080677090e+04
4.315767126488628946e+02
4.796160120507000784e+02
5.959367275101380983e+02
2.411639551529279402e+02
1.257974609566393127e+02
1.461908039603788893e+04
2.358759827160878046e+02
4.472511797928258375e+02
1.764653812666303793e+03
2.424916500519279452e+03
6.874269258942503029e+02
2.780048571712716807e+02
1.339716024748857421e+02
5.487173675428932256e+03
1.563185782462632858e+02
4.080945682229814793e+02
1.423176191163250905e+02
1.947178261001637566e+03
2.630357190607238067e+02
7.008276634953814437e+02
5.316368060231467325e+02
4.129921517224772174e+02
1.784801532077635784e+02
4.205109647500401593e+02
9.385720214832100794e+01
1.393119298468961631e+02
4.678919020713256316e+01
4.274280844981080349e+02
1.228558148949643055e+03
2.477181389530734918e+02
3.413113281201372047e+02
3.401042642089079209e+02
2.845704058081498715e+02
2.929469272701356317e+02
9.752556931926341122e+01
3.744375551336904209e+03
1.937540259160113862e+02
6.996216161705186778e+02
3.776628732425288035e+02
1.541900354241034393e+03
2.575072761301388255e+03
2.962670505219552979e+03
7.972287504371186628e+01
2.832551802974447241e+02
1.895953487108907041e+02
2.365836574983621006e+02
2.066842669837674293e+02
6.345206498866037919e+02
1.092290627622717011e+03
4.326751294481159107e+02
8.467862666768289728e+02
6.426881696226529357e+02
3.230472978510877056e+02
8.436139239037468087e+02
1.132803676819869179e+04
1.056130167972676190e+03
1.097582697964752242e+03
1.158034538353325615e+02
7.013157853453006965e+02
6.724683432963424821e+02
1.284321126680658608e+03
2.899863227219243072e+03
1.355890112864730327e+04
2.435919068608948237e+03
8.728451689231002820e+04
1.701146563015248830e+03
2.351143558492495345e+02
1.943219627762073287e+03
9.186597599265077179e+02
1.943093536623297950e+03
9.344667184080062725e+03
2.243349303510071422e+03
3.076499458795443616e+02
1.118629785916233914e+03
1.094368221901467587e+04
3.459579655578116217e+04
7.198250777875167842e+03
1.910209054774376273e+04
2.460423661913908290e+03
6.607684334237478652e+02
4.524138062874230855e+02
1.239087052006767863e+03
1.892881949807014621e+02
9.707351154200587189e+02
6.602367801035054526e+02
2.205523883284221938e+03
2.088478148774992860e+03
2.310890261720302078e+03
2.121006860617955681e+03
2.482369531895804357e+03
1.078032922682836215e+03
1.665609085677214409e+02
1.123017864515707879e+04
2.375236101613841129e+02
2.264943521066603580e+02
5.544866719400512238e+02
1.180606269947968940e+03
2.564708104688008007e+03
5.005396762848936021e+01
9.618600666690230128e+01
3.113871144302349308e+02
1.925183596727886766e+02
6.197702071533697563e+03
5.752662767220564177e+01
5.396514010453766019e+01
9.246792616850649438e+01
1.314775988425893729e+02
6.393857335442741885e+01
1.135046483321055746e+02
2.155543625379794719e+02
1.678113170231947322e+02
6.369019438769267794e+01
8.389810421487338488e+01
4.967476049319705567e+02
2.430498590226521856e+02
3.902395916018479056e+02
2.777808952985857900e+02
8.375462857827723155e+02
2.308010240079348932e+03
1.643861936760693061e+04
3.449333551860358966e+03
2.236527480303061111e+03
1.743999438947668068e+02
8.024652429908240947e+01
4.075148920713061784e+01
1.163561145329382498e+02
1.100595891043670207e+02
2.310904756539990785e+02
8.243125567479041820e+02
3.006658836434089608e+02
2.499872317830704560e+02
2.612395314124757988e+02
3.004405930311669181e+03
9.346333406692714334e+02
2.601250684306271523e+03
3.809835456417625210e+03
2.282083879385249020e+03
4.814808221972654792e+03
5.577313552616573133e+01
-3.230752867403279538e+01
1.403649499510291605e+02
1.269692259248704431e+02
1.642954715252847336e+03
5.999118653201932830e+03
1.407073041921412369e+04
1.120698885675451265e+03
1.131255226793083693e+03
5.154858629306429975e+03
2.466223403237939692e+03
8.080607235214105458e+03
2.013842046082917932e+03
-2.908494766935068583e+02
3.091048798047967921e+03
2.103296459274326480e+03
8.407562000870022530e+03
5.528686655526789764e+03
1.160072987829058366e+04
3.812780139017153851e+04
3.958421433605851053e+04
6.105623297240813372e+02
1.540744133157524175e+03
3.090646883727430918e+02
2.144939999540639747e+03
3.562296124025684776e+02
1.228507993977938781e+02
6.319594274147322039e+02
2.290837162544070225e+02
3.106696270929136858e+02
7.788439425560985683e+02
4.016146076870593902e+02
2.835196256678714690e+03
2.592353511552784312e+03
2.264981764860070825e+02
1.531847152515323387e+03
3.632599532316004343e+02
7.244276645178495073e+02
2.195151336485795127e+03
6.696901570146810627e+02
2.090697288022694011e+03
3.596743919888762662e+02
9.831447340217066539e+02
1.489009021272741791e+02
2.821841883226726964e+02
1.738709353021622064e+03
2.219594632851026290e+02
1.794791402204081692e+02
1.594584271302027219e+03
1.500022376226465610e+02
3.784456787607761612e+02
1.227708955615634778e+02
1.591225120498875413e+03
4.404038960649949104e+02
2.784355104129057281e+02
4.148360121613991396e+02
1.887007843036459008e+03
2.892801522539844541e+02
2.516133286643735971e+02
5.179156506533084894e+02
2.321205308889036132e+03
1.684847741787773998e+02
5.687437671967289134e+03
3.152512714009466436e+03
4.141744896045266614e+03
2.668410075722626971e+03
1.147985628454210382e+04
9.186146733599750291e+01
1.516569772680678057e+02
2.410710615151639331e+02
1.836223791235633826e+03
1.884397065236135518e+02
1.645588319181498264e+03
1.850722113377740470e+03
1.843276330447357338e+02
4.342927925442165247e+02
5.477545784876582502e+02
2.402141758097498041e+03
3.231299715808286692e+03
2.788986563247864524e+03
2.271105581923662612e+03
4.046815822024072077e+03
3.565353756708476794e+03
2.330721113161956055e+03
1.788606888505150323e+02
1.398201979684720015e+02
1.925202218945214270e+02
4.051375686906631586e+02
4.546113680447998604e+02
8.691703273816352748e+02
6.648501056054457877e+03
1.643883280522609130e+04
1.264279679034451419e+03
1.674739071142470493e+03
1.210690819563938476e+03
2.758533217098077330e+03
3.995382357627524925e+03
1.108755412920538220e+03
3.707268368426612142e+03
9.710359390990028260e+03
4.949451982953493280e+04
2.706840367672514731e+03
6.576031202762581415e+03
5.946505059856091066e+03
1.437380120988241288e+04
6.440036791334221198e+04
1.479349459859151636e+02
1.724657324096127127e+02
9.931233409099130540e+02
2.187766721747126439e+02
1.898028713262009148e+02
1.367611528997922051e+03
3.620730346497435221e+03
1.084840192513267993e+03
9.330499752589649631e+01
1.121223052045104396e+03
4.385094343947967133e+01
1.256764533101299321e+03
1.713585875066161861e+03
1.243070830010389955e+03
2.517620259209662436e+03
1.259526629610382088e+03
1.471969422601086535e+03
7.517859867965211151e+02
2.010397929120445326e+02
1.131427862043530723e+02
2.070800280485853477e+02
9.625166782462047195e+02
1.423882249777326479e+02
7.122260543049437729e+02
5.804203942589572307e+02
5.459357046437068561e+01
1.022060276208666068e+02
6.567163141103078772e+01
1.346616602101412070e+02
5.159228750176649214e+01
6.146334675813456982e+01
1.206949477805238473e+02
2.070273239603905040e+02
6.811415950376496653e+01
9.999384981724689681e+01
1.901694258193465430e+02
9.521018262506225938e+01
1.703667531086499594e+02
3.859381174273341912e+02
2.390920162110990987e+03
1.364217994750061109e+02
3.705250127805950342e+03
3.683326212381666664e+03
2.915981098125054359e+03
5.136014374031148009e+02
9.424116284483954587e+03
3.307229427748880823e+01
4.912814740522029666e+01
2.025665040622449737e+02
1.113839996122839011e+02
4.977767408628413648e+01
2.105166134740242683e+02
1.011354915125294269e+02
2.706725377354149259e+03
8.493781020689478964e+02
2.271533991899855209e+03
4.613718581056125913e+03
3.354544972708271416e+03
1.864322527373842831e+03
4.560349383931743432e+03
5.400731091585639660e+03
3.284565252426152142e+02
7.966590257657701102e+01
3.469732430941755865e+02
6.795995381168389940e+03
-6.162384045283118894e+01
2.737003843415260462e+02
2.602609155425489007e+01
4.515551747586509919e+03
8.447094237151997049e+02
4.952583425058853095e+02
6.408098399995334375e+02
4.114138758509922127e+02
6.210050523194759080e+02
3.272383195235817766e+03
1.201783814614325138e+03
6.195204024620077689e+03
1.125159487594849998e+04
8.396020141356470049e+03
4.409245750886781025e+03
1.413513631643586086e+04
7.906983904046584939e+03
1.814131928418312964e+04
7.309774630846150103e+02
1.657134348892686546e+02
3.196985343723056303e+02
1.299506099599163065e+02
1.979281742372077360e+03
4.579155624391792401e+01
7.529366653029355803e+02
1.201151416780218710e+02
7.255842312816788535e+02
2.358758060565911592e+02
2.113259550550358199e+03
1.588789266502866440e+03
4.656835780225886992e+03
1.661202974241327865e+02
1.698953006945837672e+02
1.014574563281295241e+02
1.737590231608361137e+03
1.278323452753484446e+02
9.923017249544895435e+01
7.589306291665971003e+02
1.846523482517415914e+03
2.590123739018339393e+02
1.212718931082102927e+03
1.098950193658454282e+03
7.897375257030063949e+03
7.277856863967018342e+01
1.295058161386710935e+02
1.343141894835750350e+02
4.833461703059991237e+02
5.954388601728257981e+02
1.136828414350187359e+03
4.492045444886981898e+01
8.827204575050599544e+01
3.534814625197473248e+01
2.447609118143018492e+01
4.025715875170358800e+02
1.377163173393904287e+02
1.078074183374354789e+02
5.912082264256095954e+01
1.064273434931488254e+02
3.866691104984441552e+01
2.473126091131308613e+02
1.280323079944585061e+03
8.880955237029384080e+02
1.027912863394894174e+02
8.189499105453171524e+01
1.706010683452835508e+02
3.579012559143957333e+03
1.221190231275929364e+03
1.354510354986672837e+03
2.601903570308339226e+02
3.418144192104243757e+03
1.266764298359363420e+04
1.043619950464155153e+02
6.721726101577002055e+01
3.586634763462634368e+01
4.763357851965005096e+01
3.969858926732423754e+01
1.156754758166644450e+02
2.503010429924395908e+02
1.903375814461585378e+03
1.808604039788418504e+03
7.429947755855885134e+02
7.811212061694042859e+03
5.767550496722983553e+03
3.014636824704480659e+03
1.771220105871157330e+03
6.857455565680916152e+02
4.371012633388893676e+01
2.819218558160176258e+02
1.282210063861427898e+03
8.441381837438093498e+02
2.176518530484984240e+02
7.631127262333026010e+03
1.494479052821646974e+03
5.546331359563690739e+02
3.907409236821916920e+02
4.592092797553210062e+02
3.300691197671973441e+03
2.397020230947595337e+03
3.063798960720419927e+03
4.308679802629132610e+03
1.131434062991388237e+04
5.221703764139268969e+03
5.855856646817908313e+02
8.005014885929452248e+03
8.465005658640146066e+03
6.533988015165422985e+04
5.200868333235472164e+03
5.447816585552191100e+02
1.796607840971144924e+03
2.429919519676708148e+02
1.729984117368638579e+02
1.464539988363937937e+02
9.300851136392506078e+02
9.106422291187835754e+02
1.583418315310745584e+03
2.595116493764006918e+03
1.820924354682765397e+03
1.098320933583424676e+03
2.564110950766841597e+03
1.387784528611885435e+03
4.366117973363687270e+03
3.321769047814839837e+02
1.072670485422461297e+02
1.506295550852606198e+02
2.434142891877680199e+02
9.196777051286024118e+01
4.249378009682449715e+02
1.017941631377084491e+03
7.312386711630966829e+01
1.472037048784375770e+02
6.565913704697746311e+01
1.220421496114208537e+02
4.638079520471586648e+01
9.064601557490303207e+01
8.558670621173314430e+02
3.520108929930830755e+02
1.847013507778820554e+02
2.757935381468665810e+02
2.160868272584578449e+02
2.385372588009097967e+02
5.312943058144132920e+03
2.506174732482766558e+03
1.190248637364486603e+04
2.451710195945356645e+03
1.029605955221214117e+03
1.158666349334263259e+03
1.718997573798305893e+02
6.190602873341937084e+03
7.847058603715099707e+03
1.160100100720080718e+03
5.607427858981015561e+03
3.583599929234263072e+03
1.266262627463813715e+02
4.012958126082077115e+02
7.976787435195662965e+02
6.345154779740564663e+03
1.544815651709103804e+03
4.644681885431360797e+02
1.254879765647471572e+02
2.167420874231582957e+02
7.312420439341217104e+01
1.214781803628405032e+04
8.722581502770593215e+04
1.893375383363673609e+04
4.257001978994661840e+03
1.556998756388606580e+03
5.878705369626826723e+03
7.406981529312901330e+03
3.950709225851281190e+03
6.168016622461138923e+02
1.766752174343304659e+03
5.239007410155766138e+02
2.470130433227211597e+03
3.035804489064290692e+02
3.934892825189583050e+02
4.545653310407383833e+04
2.653060803625598510e+03
2.452486654654144616e+02
8.811405518351152750e+02
6.894643126484489812e+02
2.926196567633716086e+02
1.588435987788706996e+02
9.922825170512671775e+02
1.102810130455142144e+03
1.227819618440602483e+02
1.424405778071131863e+02
3.521884083880254366e+02
4.663459098528665550e+02
2.748713346117931451e+02
1.431999912808618774e+03
3.695117698391392196e+02
2.899282867087574050e+04
4.700780483859472270e+02
3.228563867250521753e+02
3.546429216814423853e+03
1.502489495239728058e+03
1.201691957186606487e+03
1.427471535144488826e+03
1.172580595685126639e+02
1.575887628542983521e+02
1.504462626894367929e+02
4.544373389022642300e+02
6.691894155462694016e+02
1.910152882453955385e+02
1.850087725836953894e+02
5.138860850076403040e+02
1.403914784421923798e+02
6.296683247527020200e+01
2.913466578420960786e+02
1.762508925940149425e+02
1.318022699915835005e+02
1.049894449897183506e+02
9.651925020673539279e+01
2.684711365192641097e+03
1.267890231677990158e+02
1.588890581605888030e+02
3.002469867582374974e+01
3.710128257336102706e+02
3.416366189293712097e+01
1.309672940413298079e+02
3.388774396109500344e+02
7.798169746653025868e+03
1.533942562671608175e+04
3.537371134050518776e+03
5.204195294946588547e+03
9.511239768564450969e+02
2.650472671021574342e+02
4.088298312067923916e+02
1.274940633462150998e+02
2.220486357005933371e+02
1.501584312334406377e+02
1.397482127933472657e+04
3.144311400001760830e+03
3.101970056246927925e+02
1.998765169317166794e+02
2.377495210199600137e+02
1.941193729970913637e+03
1.053299288819515823e+04
1.095640116757723490e+03
3.713491917440919224e+03
7.331337826920944281e+02
1.207555912982239334e+02
2.382994698807524969e+02
2.640708038715081898e+02
6.023711359711985551e+02
9.820918109339543662e+03
3.357509163210553425e+02
9.024713732674445782e+04
8.531377444937537803e+03
4.744484033006970094e+03
1.564643326159235357e+03
1.413060492243160411e+02
3.041674297912506518e+03
2.307379870420246334e+03
1.168959984765220270e+03
7.770732115987598263e+03
1.280720084379499531e+04
1.434856125255031145e+02
6.707833998466319463e+04
1.021499319870165164e+04
7.522958639915214007e+01
1.736184768639810159e+02
6.502668879426782951e+02
1.241045650943867997e+02
2.017256708199783816e+03
1.129137084914456466e+02
2.699755913787531654e+02
1.009199551708003355e+03
1.726376293030227771e+03
1.091966161245914009e+03
2.876483319283884725e+02
4.449997216292496887e+03
1.123795464168240187e+03
2.105122679992962730e+03
1.796455523690203700e+04
4.454826793022256766e+02
3.830247319397368756e+03
1.257490702478432468e+03
5.328069828541964625e+02
3.396989183285349441e+02
2.412653487283652680e+02
9.607719567453952436e+01
2.509993496060302505e+02
1.479400671623890594e+04
1.317639545489708723e+02
7.218251665248463667e+01
8.122921343528950899e+01
2.249134089088349810e+02
8.694250122074768683e+01
1.502801321470361984e+02
1.826725629341282797e+02
2.488314766017348347e+02
1.201557628766443173e+02
1.343634889929438430e+02
3.469698862557084595e+01
1.087681489574055149e+02
2.875765126935892226e+02
6.487475208047308115e+02
7.032137767364564934e+04
5.452311516911741819e+03
1.354002297286996054e+03
4.953560580389881238e+02
5.661129867850286246e+02
1.028457445094299692e+04
1.438035425550022808e+02
1.115015364432411786e+02
7.858698732363530326e+03
2.970640205464887913e+04
5.703149979547874682e+04
1.666366439573674825e+02
5.479537829842873862e+02
1.039715025883096587e+03
4.017040314012003819e+02
1.708675972649049299e+02
4.530746386683816809e+02
9.869172926048275940e+01
6.361428753756883452e+03
8.540475774958083548e+02
9.945323458802682580e+04
5.984023154367458119e+03
2.945829995578026865e+04
8.982624144868241274e+03
4.791748877282882972e+02
3.066639530403046592e+04
8.228096163111212036e+02
4.386925117057569423e+02
6.288950488327178391e+03
4.045413665705024755e+02
9.827033879719311926e+02
8.038008808851623144e+02
1.326962412459170991e+03
1.091407829332688834e+03
7.458405164387967670e+04
6.217659153501110723e+02
1.410757804414404200e+04
4.388265478847259146e+03
1.582035277672758866e+02
5.188893211995170532e+03
8.961320471656083100e+03
6.681048870362008074e+02
4.210460537640635448e+04
2.415449265057703997e+03
8.312436636089182684e+02
2.978661654127677321e+04
3.123800749055272900e+04
1.261297320488959303e+04
1.124296467857134985e+03
5.826391868345626790e+03
1.634591765639957430e+03
1.691539062678443588e+04
1.784974940620497000e+04
