6.275495187477232548e+02
3.440994282092057119e+02
7.263124643310483179e+02
1.188515763427032425e+03
2.325387820993570585e+03
7.110040976084553677e+02
9.083163525722082454e+01
5.451782945786928849e+02
9.319390863368418820e+01
1.332641857101304197e+02
9.908973749140031373e+01
1.232341022495516256e+02
1.042110012179429930e+02
8.349877739134892636e+02
1.347383461576714865e+02
2.248016876412230260e+02
9.930333336217906037e+01
5.409761314605643889e+01
1.019840029542297657e+02
7.479327735016568113e+01
7.972860720353303066e+01
6.945160400954850388e+01
2.187436753477080060e+02
4.160401607097276155e+02
5.672791037492796562e+01
1.977957422400171197e+02
3.320174970823965168e+02
2.790408704716738839e+02
8.152941313529115064e+01
6.692999632651820718e+01
7.218737190105596824e+01
5.196531680994686297e+01
5.741822040848390429e+01
7.642679038198660635e+01
7.661945337055998095e+01
7.696841130762105365e+01
7.779323542434345029e+01
8.684039887237217670e+01
1.046363477153244617e+02
1.216343351929349552e+02
-1.466427558867948733e+00
1.459515997697893113e+02
9.629976204352357172e+01
6.335380748053869127e+01
5.110765492635268004e+01
3.712022472255081595e+01
1.045782404196694984e+02
5.462835382766205328e+01
5.239963977719354205e+01
5.676632196113088185e+02
4.141219397167147065e+01
5.860459218212787391e+01
4.121918861277060273e+02
5.137387454023302524e+01
7.170970327836389515e+02
8.537284030325264439e+02
1.286990814502661806e+03
1.464245147225182563e+03
-3.372876218348092436e+01
2.933172120861847816e+02
-8.111161909868714304e+01
9.450731211201777171e-01
2.631061216737777642e+01
5.742657135173720917e+01
8.003034373771730259e+01
8.238053371197729291e+01
8.421718445767626804e+01
5.760767264108516628e+01
2.486867063086646965e+02
4.824102170357470243e+01
3.185645561841352560e+02
7.067748667442417343e+01
7.384761187513774416e+01
1.128952879653422485e+02
8.702201588838741486e+01
2.388748659953805031e+02
8.565527157724459073e+01
-1.645998490214560661e+01
-1.727171654096510167e+01
2.992351541643433393e+03
1.675429072419098702e+03
9.065150154572307883e+01
5.612722838672546004e+02
1.124085283139354345e+02
1.580523712888299315e+02
8.353165658134999205e+01
1.096951271144509406e+02
7.737946407756368217e+01
1.039737377830009279e+01
9.318485721383262899e+01
1.122434138649695115e+02
9.339287399837009218e+01
6.094043852920052018e+01
6.143590613132305833e+01
6.115842680892800445e+02
8.611227851863976923e+01
7.513420817105795777e+02
9.141020707598362378e+02
7.356415074980785676e+02
4.839211186554773008e+02
1.110934214738485366e+02
3.974469843041438253e+02
2.460513931389007780e+02
8.377668296359644273e+01
1.413140695565219289e+02
9.980565076314417183e+01
-9.926342027571604376e+01
2.027508801379978536e+02
8.385940454995405844e+02
1.723897796821161137e+02
8.753814521441492502e+01
7.495968524814517764e+01
1.142659302920500153e+02
1.467515873864770413e+02
1.629430353658680701e+02
2.727511232672846120e+01
3.039181057653578932e+01
9.975019149896809267e+01
1.996414276708124476e+02
1.611867757786900484e+02
1.918491423721869467e+02
4.122060215404627002e+02
6.729221079129152940e+02
7.909969487129555432e+01
1.260112204300370848e+02
4.664399710402713595e+01
9.281288363637843304e+02
2.864578985006905327e+02
8.349863920263507566e+01
1.418658380930329486e+02
1.084398769902097968e+02
1.574052506997599892e+02
1.019980795600825445e+02
6.112349858677140446e+02
3.700115459417523311e+02
4.581700902027806137e+02
1.958166785570958268e+02
5.540932925293240032e+02
1.244958679861993005e+03
1.469159475708754314e+02
1.586881455976555344e+02
2.810244303097225043e+02
5.545556572111361504e+01
1.109050992128223925e+02
3.697449592556525317e+02
1.069077315643065305e+02
8.130734631656933686e+01
7.752927725738076958e+01
1.030758302599791847e+02
8.495159989343500229e+01
3.073819431370339998e+02
3.259039709670460070e+02
4.812085009438645784e+02
1.962811486735641608e+02
9.088573695788632278e+01
5.721643982565925057e+01
9.145560473840465932e+01
2.983499531943503484e+02
1.095759867264021636e+02
9.223507472455766276e+01
5.287919573046084452e+02
7.187993143936662932e+01
2.696505357111590797e+02
8.586114733057640080e+01
7.380654025059848777e+01
-7.703944392479570524e+00
2.461890691550256633e+02
4.901736349169644313e+02
7.688408161788556754e+02
7.498821367929016901e+01
8.123956397747851099e+01
2.806383039334222644e+02
8.287180833009389858e+01
2.201467856435121107e+01
4.101496937030429280e+01
4.932762239622508105e+01
3.968767692237440770e+02
5.042796033442545536e+02
1.056637877611563425e+01
4.267161114769763941e+01
3.223168857284053956e+02
-1.000283982948392492e+00
6.228053894061368112e+01
5.855852961126906848e+02
4.085577811485366340e+01
8.594320417782911363e+02
8.419320027995242981e+02
1.472431057782553353e+03
1.325777347192235425e+02
5.127413652906749348e+02
2.093037156079736576e+02
3.552850604473937324e+01
1.084851159553092259e+02
5.021695623786071110e+02
1.140493761351458346e+02
6.761696719885463835e+01
1.638679297411783864e+02
4.532701120208495240e+02
1.107455435015532998e+02
8.749398200178396792e+02
1.072385922384441699e+02
9.946297865735368759e+01
2.261498904793924680e+02
9.667940259925362056e+01
1.182411586292288064e+02
1.308834625717045981e+02
1.020975040300533863e+02
3.408056136430810739e+02
3.709369872704131694e+02
1.176906563361812204e+02
5.853994051892807704e+01
2.312186859164899033e+03
8.737279296899407655e+02
2.176447234043421020e+02
1.634160607683659236e+02
3.580228554533375132e+02
1.635641817564795133e+02
5.420674120286357720e+02
2.488404921870670705e+02
9.198276878448376692e+01
4.542007585953130615e+02
1.924839413685952536e+02
1.781563928337297114e+02
2.132803584677322760e+03
2.590399984248687133e+02
1.288666079953397002e+03
4.797288500526846065e+02
2.519388513873810211e+02
2.412310018954999862e+02
7.172325504163086407e+01
3.334057304808340518e+02
2.155703526353167945e+02
1.039515605789431447e+02
1.078846176512248292e+02
1.105604395450068864e+02
2.822458037448354844e+02
8.924528997355719184e+02
9.840155581663421458e+01
7.828022701529457663e+02
1.324210659195449296e+02
6.717593555618142886e+01
1.457508181238503767e+03
2.568229450826801212e+02
7.730920772551419873e+01
9.963789395570461238e+01
1.240791109532521830e+02
1.508487381389801101e+02
5.790147644981636859e+02
1.362340126882906225e+04
1.338038344165839533e+02
1.970005670896813967e+02
1.554131944685820486e+02
1.121308349443363994e+02
1.155429345655521871e+02
1.009254096169051564e+02
9.172474521766652060e+02
6.246159435522570220e+02
7.227513635491567356e+01
3.454518343350416103e+02
9.437036742735175210e+01
7.935377454776710238e+01
1.017023262577917109e+02
4.335320464986059505e+02
2.629193918849247211e+02
1.289602690447784141e+02
7.415560761565359371e+02
2.828761206435646045e+02
8.557882836976514795e+01
1.209337493788497255e+02
5.342594397919928895e+01
2.455226221124464701e+02
7.954353233455287864e+01
6.996443839909984774e+01
6.376216050284755283e+02
9.211228818647080629e+01
9.263595087171053422e+01
5.859458766485885235e+02
1.492403676370828407e+02
-7.129589672666730849e+01
1.357635884932425370e+02
2.126707592409951758e+03
1.564016017580482298e+02
3.611356104481267835e+02
3.495105768413819760e+02
1.947668828992109695e+02
3.018915956948222288e+02
1.729924759951159672e+02
3.949141224170733722e+02
1.073019777816276985e+02
8.924507420958532578e+01
3.777725583651931629e+02
-1.282790230527915298e+01
4.650330670900179086e+01
1.560441036767276728e+02
1.276966552932383365e+02
6.860976170209238489e+01
1.101644931327776078e+02
1.015695913174302518e+02
3.393058290470166867e+02
1.170714519602539099e+02
7.858510114281721144e+02
1.453481851132106328e+02
7.493250229211172098e+01
3.368620390402538192e+02
8.841810457039287030e+01
1.432793832611115192e+02
7.926472159289616002e+02
7.102731182899273108e+02
7.071196520073175407e+02
1.054717347884264171e+02
2.528196004652974693e+02
4.024612388635315483e+02
-1.241603293857282608e+01
1.531792914861477470e+02
1.019489128615826417e+02
7.782909043315406450e+01
7.736271995657880041e+01
9.549904218192732230e+01
1.274797361908944993e+02
1.192557625059655493e+02
6.009474379182333905e+02
1.669874059880243635e+02
8.556479372834382957e+02
1.039610373453911905e+02
7.047953757083743653e+01
6.925676002693499811e+01
5.546981237904606132e+01
6.919842028069861328e+01
2.301521747780966223e+02
4.240832138838615606e+02
1.150385001983399320e+02
5.244943022475758880e+02
2.626717333088023452e+02
1.631515651304418725e+03
1.388976900789151330e+02
8.737667059161779548e+01
1.537244765831379993e+02
2.914882017120061164e+01
2.165721749932480634e+03
1.533038138809438635e+02
1.134367530206951358e+02
1.640521727673310295e+02
1.571404090594185732e+02
1.167917078532412205e+02
1.985342176705063935e+02
1.235522386797269263e+02
8.023823761377286701e+01
2.974747769008240539e+02
8.176253019290902557e+01
9.182509806137593955e+01
1.036738928815955347e+02
9.747299411901585131e+01
5.176640111890866365e+02
8.873795358455603832e+01
6.691170711294640228e+01
1.267169500683686039e+02
5.966905526562444351e+01
1.011008615733636702e+03
4.475124410338366943e+02
9.994649179704478001e+02
5.906089425397628645e+01
5.683847227682014136e+02
6.773900478158645910e+01
4.342339660756100272e+01
1.590258976851289390e+02
-3.228567237637929566e+01
4.981084217702262862e+01
6.630499448438808940e+01
2.684845912729474549e+01
4.303898382088630683e+02
5.507558609997343524e+01
7.173314144784180257e+01
1.428559862126543521e+03
4.645437835796660409e+01
1.010460860614812759e+02
9.043471715149831880e+02
2.170332459289450355e+01
3.899788592946239874e+01
9.888193052165272547e+02
1.159532072656843269e+02
-5.608468355541145911e+01
5.218968092644628598e+01
4.983766397708069462e+01
4.494114180041533757e+01
6.463370029822095830e+01
7.661613359611322949e+01
7.132373906472264480e+01
4.172407692215325881e+01
4.872286464778552784e+01
4.140692620046293086e+02
5.376737088381111107e+01
1.788304624821824746e+03
5.055269980293291155e+03
2.686727757658190967e+02
-4.391834842169138255e+02
8.320118866975879257e+01
1.644553791346039873e+02
5.930042322728350257e+01
3.051129949879509127e+02
2.844259800855366507e+02
1.890706891922239379e+02
6.612058600540761688e+01
3.426544164198838303e+02
4.034007861654241879e+03
3.330551470497620414e+01
6.728927926016704077e+02
7.062048715669128285e+01
3.581563050458561293e+01
-3.912074859823189854e+01
3.956361332088861218e+02
1.029036536216239256e+04
1.491746830804275419e+02
2.880771338462074596e+02
1.818569945534050305e+02
4.117475622494566778e+02
1.808892352158887036e+02
2.790641124950024619e+02
1.086300918246917320e+02
1.014701954488525644e+02
4.477982837689134499e+02
3.209420201245980309e+01
1.174838580568854809e+02
1.148981365381051774e+02
1.029869447161628528e+02
1.261514107321805511e+02
6.247246486251859210e+01
1.675477949684257339e+01
1.882618911403874620e+02
1.019687844526280003e+02
5.411016877255754309e+01
3.921988211503003754e+02
2.994146574590509431e+02
5.684406858856486906e+02
9.886508593300961820e+02
9.488303512357092018e+01
-8.303750279710234850e+01
2.462408913901150811e+02
3.455645750226731820e+02
1.474788626755167797e+01
3.817084013081280602e+01
2.770081139835735939e+02
6.320842954075634879e+01
1.924525421656537958e+02
1.042909240196077292e+02
9.457970782749644911e+01
9.949603071636158802e+01
5.465286524112993902e+02
4.647861327263696296e+01
2.826668402313605952e+02
6.575922945703679545e+01
1.013323132083258855e+02
1.213037417411467374e+02
8.311558731529548538e+01
5.998793128960448939e+01
7.913519365311901765e+01
1.075484725753722444e+02
5.425941173289438524e+01
9.211206522516120003e+02
3.352664588255698277e+02
2.037230504289656778e+02
1.767265055401348945e+02
1.787465424958740527e+02
4.518720541653155465e+02
1.585265741303323921e+02
1.195528438819211914e+02
5.742133972939382858e+01
3.420695812638676614e+01
1.300608598765845727e+02
4.013235687733463692e+03
8.189435797718732601e+01
1.432688578645504833e+02
1.770648507415394874e+02
4.225759063499794479e+02
3.947928615441985301e+01
1.334198665086464928e+02
4.265132726269768568e+02
5.413799915405510177e+01
6.287865887347945204e+01
2.565922093135386604e+03
3.088860113630784099e+02
7.759330347931316396e+01
2.319388233195384146e+02
1.458591891089102774e+03
8.393941058256219776e+02
2.018881737884703043e+00
4.346104347273156066e+01
1.115785279864688277e+02
1.004963134611761006e+02
-4.074778798052767570e+01
6.089963219283647078e+01
5.833030537501651480e+01
6.872633691539786582e+01
-1.375616878978591018e+01
-5.625280582847578899e+02
-2.805782574742906377e+00
1.236682937639427280e+02
1.554758586932618982e+02
1.227900669841377805e+02
-2.649461221728924443e+01
2.234330631935210931e+02
1.992574732036200942e+02
1.382847603950645521e+02
2.944144685461191671e+02
1.788086004102577249e+02
3.041698900311342868e+01
1.467837514056033342e+03
1.938324942597011216e+02
-2.819544365422635792e+02
2.091774484064549000e+01
8.958613294519892634e+01
7.134249271235351841e+01
6.822630126918841142e+01
5.147457199770298786e+01
6.514253027392174999e+01
4.350082283054896237e+01
5.227728162774143073e+01
4.700050223355565038e+01
9.814908263205144578e+01
8.353314348965064084e+01
1.403366793929896630e+03
4.085585453052273408e+01
4.200832066996667891e+01
4.397420861282599617e+03
6.070646041021027486e+02
1.847015953727945714e+02
1.795941628360264986e+02
6.623109780671785529e+01
1.850793298608801933e+02
1.050479241349166983e+02
1.952803642095446719e+02
8.133036104373260855e+01
6.950925793662376009e+02
4.899534466605157945e+01
6.725361655542423023e+01
9.029379428294365084e+01
2.791101019727943253e+02
5.561560231744989125e+01
9.556434041529998069e+01
1.309237569246582780e+02
2.037926854004230393e+02
5.660693449935589570e+02
1.253547145273498700e+02
7.450704591337918714e+01
1.523574816603606337e+02
1.229714631080560139e+02
6.636042976087644263e+01
3.549153574263686437e+02
1.408944328614631161e+02
1.795803123124104559e+02
1.085628776274170093e+01
2.641908075107801324e+02
6.277913479630897342e+01
1.851759790488493422e+02
6.375726168151069828e+01
2.130696870028013734e+01
2.155680869958674180e+02
2.917810630174709274e+01
1.886006396374838232e+02
9.654517731040057527e+01
1.336829289740390720e+02
2.728369044351241612e+01
2.558676756501768637e+02
6.180248576788653736e+01
5.898183265314931987e+02
2.734464108670709948e+02
4.955513598895991549e+02
1.533591891848045634e+03
5.094352825608654456e+01
5.026055548372382304e+02
9.717865564813174615e+02
2.707802490196229428e+02
1.280803040664572165e+02
9.291890566698918974e+01
1.312875456846673785e+02
2.759082011108141330e+01
3.275702482518700265e+01
2.201718211116838404e+02
3.055306367527424527e+01
3.978380483806261054e+02
3.027834625137474234e+01
4.574226816593985063e+02
4.707386892155717106e+01
7.637965797770735321e+01
2.446995418996017122e+02
6.187226173223213976e+01
2.441998403594974931e+01
3.423468764896005467e+01
2.351442710224779660e+02
3.971169661712350063e+01
1.782981796855857510e+02
2.145189094849704361e+02
6.590746818620110048e+01
1.113367429475100749e+02
7.749099316726045572e+01
1.033630007317161244e+03
9.528072014976517039e+02
7.603682546499739203e+01
6.873513472185973683e+01
7.682836446144320064e+01
7.532521176742868363e+01
5.700601176422475191e+01
1.135408527841802311e+02
3.340965456903439645e+03
5.208393805389631552e+02
1.419025919486421685e+02
1.377151673118014230e+02
6.608471778226419246e+01
1.119901277634594976e+02
6.125202368755168436e+01
2.135754710610225402e+02
1.361192293104897999e+02
7.397263209860196298e+01
1.408903930109096905e+02
1.998948107322584917e+02
1.687390618627073877e+02
6.496571045256305865e+01
3.972229773538799691e+02
4.676084962922791988e+01
1.317246531034987242e+02
1.373144744102293998e+03
1.357138650507935154e+02
6.808101129367850035e+01
2.564951155694255363e+02
8.688502028493604712e+01
9.807564676301117856e+01
1.328365049715273017e+03
4.906201196417653591e+03
1.694932307200710966e+02
4.908165589288341835e+01
3.291863769005122776e+03
5.819611746603722224e+01
7.100039775401644704e+01
1.442431995786629386e+02
6.231604427585891415e+01
2.550865147689410435e+02
6.907861031351451686e+01
4.293730320934254223e+02
5.253507325844078935e+01
2.808984762954448797e+02
1.879924510060239129e+01
1.065060920837367462e+02
6.496681950971719743e+00
1.558955374469893286e+03
1.737071759821286037e+02
-3.148676602817164394e+01
1.490114444858728575e+02
1.119662529839386451e+02
5.048563994511805220e+01
1.231392850588314786e+03
1.998701581236390155e+02
6.268487965976915177e+01
1.339743985825168124e+02
8.823442675155112738e+03
3.881070798276900859e+03
1.374678396092617731e+02
1.718771390303638498e+02
2.110966247996968832e+02
2.772765245799175773e+02
9.181857152629596897e+01
9.138932501928357510e+01
5.025670157822263491e+02
7.649915596720515509e+01
-1.537459309134534351e+02
4.427974475944957078e+01
9.564300905317738852e+02
6.034064901942926440e+01
2.583460160932760346e+02
3.111847617911786529e+03
1.088775043465154937e+02
2.459928867386486502e+02
1.850817724515776774e+02
1.787769801069029825e+02
7.073215732823453550e+01
5.687736695972751022e+02
1.634585275959179569e+02
2.758379036181017341e+02
1.615377643658704017e+02
4.400952847525101674e+02
1.240239592000993412e+02
4.626555124728002966e+01
8.399565197941781491e+01
1.782574638011553247e+02
9.807999198995463530e+01
2.304126810443256659e+02
2.872573561409810736e+03
2.162739943504944677e+03
3.519938827345581558e+03
6.698421846104751864e+01
4.487768740945443824e+02
-1.344184781084902909e+02
1.380118145985262572e+02
9.969366127468978220e+02
9.141787363382590570e+01
2.152800244621337242e+02
6.130318105382070115e+01
3.781585882948517110e+02
8.224911010253415498e+02
6.204193160884984763e+02
8.174973344623688831e+01
1.140117174316311690e+02
2.514828100552145429e+02
2.421577422068270380e+02
2.139793636397953378e+03
7.570305228868659242e+01
8.093570367386852240e+02
1.387562334213727695e+02
1.460330167837977910e+02
4.018516791550074231e+03
2.334650794392365754e+02
1.031361515229177144e+02
7.443092029434885148e+01
2.242730970931438037e+02
2.531289226322764421e+02
1.029840619114230975e+02
2.811198526042713866e+02
7.020263428313874954e+01
9.713908929111322266e+01
8.818804759970323914e+01
1.567302488636365183e+02
8.544068112936764692e+01
2.333548515990476915e+02
2.675677795423033558e+02
4.932835161747669190e+03
1.489223003186976513e+01
2.739624355174333232e+03
3.604206963167895537e+03
1.240988638648346551e+02
1.013602470776864237e+02
1.472511533848239083e+02
8.911167731594952102e+01
7.089322750016467012e+01
1.229718456279535985e+02
9.569807390767154232e+01
8.239651079449481585e+01
5.594252451741195387e+01
3.605876106287194034e+02
2.541348094165425096e+02
1.045269644731167773e+02
1.475205621093274431e+02
2.443198198387936486e+02
1.037262740958974092e+02
7.960848642515233564e+01
8.713566233303254194e+01
9.231808547203537785e+01
2.564507134843528092e+03
1.396824245467243770e+02
4.254360988931342717e+02
-5.399186167003506398e+00
2.532707352314983382e+03
3.362269719078665275e+02
2.556379326234131213e+02
1.077932750039182537e+02
1.022796255885259029e+02
8.473396006203334707e+01
2.411443691474936202e+02
1.115642742333338617e+02
1.617471913772046719e+03
2.789223376568528238e+03
1.366816374313814322e+02
2.437874912293419243e+02
1.425989844558452262e+02
2.025166976412084750e+03
1.166325507816375102e+04
1.389318764245624038e+02
1.805995671121635269e+02
6.181654504081510595e+02
4.383944487302501898e+02
2.904427819939799065e+02
5.603170903085203918e+02
2.509995555113436012e+02
5.164126307779779381e+02
2.298590328678206163e+02
3.522057823616443528e+01
9.725489269687477645e+01
4.208888873778442985e+01
3.198419017816257792e+01
7.233167364220187210e+02
1.882112660217102373e+01
2.256148758138810138e+02
1.385700295716463643e+03
1.127578768545883747e+02
1.567474265023410851e+02
6.029231904899430106e+01
5.091076093259621160e+01
3.115621658675718209e+01
3.567306130992547963e+01
5.889106484388976526e+01
7.296548638647750806e+01
8.190769150030946832e+01
5.760854067995538230e+01
5.879851939535522121e+01
1.157715855378674377e+02
1.507584121821265910e+01
2.556668657500766244e+02
-1.739199180767725039e+01
1.017997969137013570e+02
3.398990442639025389e+01
1.797267735994994950e+02
2.581582746573989340e+01
2.693754379482615491e+02
9.047809799073377235e+01
5.875645080613329583e+02
9.572407463108049797e+00
-7.653961756128589400e+01
4.107757781643662156e+02
1.000286549958871660e+02
4.946422140421213243e+01
1.991740568651102308e+02
6.495791374096681636e+01
1.734621778234038061e+02
4.189575980151968793e+01
7.211583361120179347e+01
1.487339053724717886e+01
5.063599142017511667e+01
3.845631201051408254e+01
4.028366718983631927e+02
2.946787083056325400e+02
1.965071635375051784e+01
3.738289435212477940e+01
9.251161383061338483e+01
3.377474296681656085e+01
1.476781369060156024e+01
2.283681589890819197e+01
5.913369667986531653e+01
2.270174074194529510e+02
1.427300988094119205e+01
1.960819781720774131e+02
5.511461254728271797e+01
4.616936396761876154e+02
2.485568476781132290e+02
1.377945072103849782e+02
4.462250297882552275e+01
2.519594759682508567e+01
5.062514098678278174e+01
1.215687293299017711e+03
3.870778636344042667e+01
7.514536164814724089e+02
1.858405205531484228e+02
9.390368218837558345e+01
3.461763898535950545e+01
7.821648526758082198e+01
4.973272420132357752e+01
1.013885091676650632e+02
6.277431167936007483e+01
4.255036164357383655e+01
3.017361338673582623e+02
2.447685646764916001e+01
6.804104072043588758e+01
4.770804460361313204e+01
6.607874497403385305e+01
5.227693122662939373e+01
5.892309709277869700e+01
1.569214133022768181e+02
2.806036175151469706e+03
9.164136440143155937e+01
9.933054463302660224e+02
3.244070238446022358e+02
9.636219963741846186e+02
6.652488580787428418e+01
6.290435131583629413e+01
3.978180190508483065e+02
1.939143402487927403e+01
8.670615871383871536e+02
6.862260244502070350e+01
1.768328855807567379e+02
4.304330300203316284e+01
3.371721166262674529e+01
5.318109774882906038e+01
1.388874806760773311e+02
8.404544386158905809e+02
-7.525415887083863709e+01
-4.417899473762192031e+01
1.105591615475527033e+04
2.861845775532277685e+02
5.816149202460644574e+01
1.565002148702406544e+02
3.570559299655475911e+02
4.057356427864648367e+02
5.773734928180945190e+02
5.386448919377418179e+02
2.598532999566306785e+02
1.439306401927754280e+02
1.212745031391917564e+03
8.820560664191691558e+01
3.388767270722088938e+02
1.011371729348150552e+02
1.552757563355284276e+02
1.221687720877732630e+02
3.364529833102737939e+02
6.690441304292295399e+01
1.306422641339507209e+03
2.570348601112359574e+02
7.818417995462257295e+02
2.281527127123311402e+03
1.479441790753010082e+02
1.184337946203311702e+02
1.143478060089194202e+02
3.204240020377357610e+02
-7.483996716842182195e+01
8.408503998824886594e+01
2.059038459673683121e+02
1.154492082530146746e+02
7.025976553810943415e+01
1.372504485456523184e+02
2.480120004372209905e+02
2.624976592344222013e+02
1.293878256480922460e+02
3.242890480557475144e+02
4.078920591869737109e+02
1.273539631138722825e+02
1.078928489946438845e+02
2.617658999661521193e+02
4.305775507184984008e+02
5.631650512114014191e+02
7.806710168802993621e+02
7.286194056507497407e+01
1.781187763746410155e+02
3.837047718631096700e+02
6.303317276871545118e+02
1.220523874144396814e+03
1.597781214450089067e+02
3.376770151232448711e+02
1.780788325987218741e+02
1.054951127418011083e+02
6.149380605188295590e+01
1.633336345831400820e+02
3.921650277051807052e+02
2.323733428191013672e+02
4.100984918202074709e+02
9.821236485952674400e+01
7.972428029067395983e+02
7.872587744836181400e+01
1.865675909450398535e+02
1.365982013320091255e+02
2.926641072320890657e+02
6.288754045760804701e+01
9.180385385605448789e+01
5.390948881100023300e+02
6.599296252192779377e+01
7.045207666354319542e+01
1.870381015143844650e+01
7.135095468470981928e+01
1.356019465074743380e+02
2.280073777175673968e+03
1.021336210245730598e+02
2.544094160263988158e+02
6.962684848267483062e+01
1.575679958678542789e+02
6.389038164532647812e+01
-3.669246024886236910e+02
8.871153378053488723e+02
3.712417062774130727e+01
1.201864142344168158e+02
4.963987213215672227e+02
5.033920038132844184e+02
1.026986235802719563e+02
2.515559213491587798e+02
2.822692080502840213e+02
1.778834034179834589e+02
2.314864108587136968e+02
7.776637923235671224e+01
8.235321708302433308e+02
2.637514943836266639e+02
1.576756081408871069e+02
2.356810404835673580e+02
3.553580880197016256e+01
2.759463231867200648e+02
1.333259610812629035e+03
4.110730367019397704e+02
3.182166821292320833e+02
1.846409572606699783e+02
1.387007620776071519e+02
3.262215531894279366e+02
1.058611297005136862e+02
9.992709932599696003e+02
1.688125062338455677e+02
1.375755789567622287e+02
2.352999649669177700e+02
8.164827395973364332e+01
1.425441408464487836e+02
6.807028653583239475e+01
1.103729452018431800e+02
8.860570614339998201e+02
1.925508669830203985e+02
1.091529125119099035e+02
1.362060723696192213e+02
1.037029335346747393e+04
2.224657759746006377e+03
7.658845907629141038e+03
8.668295926364295667e+01
3.494366686901686876e+02
8.542717410564833358e+01
1.288233496695536644e+02
1.268206708783201719e+02
2.337905736988120680e+02
9.765095679704808163e+01
3.023865389757170874e+01
3.898651189273650175e+02
5.042031861634283985e+01
4.947690013573951973e+01
3.067614005675501403e+02
4.970023892976722379e+01
5.323615158916346957e+01
3.287421503000980465e+02
2.293188669120267065e+01
5.479250639422842823e+02
3.071208964501505534e+02
4.188396708930592354e+02
5.423594726361002927e+01
4.796828432817148382e+02
3.585728655590970959e+01
9.420512322973802100e+01
9.865849736709273543e+01
7.610793744254009141e+01
1.385666018573444660e+02
1.100862379028187519e+02
7.142751269173475066e+02
6.342494019735256643e+02
5.541048312989163378e+02
5.168811464780944789e+02
1.068666247281905726e+03
5.992286126976057403e+01
1.535981041464360942e+03
6.799914840190865561e+01
4.263346493107892599e+01
9.615254515765704468e+01
3.782869882388387168e+02
2.225962014884420910e+02
2.768534239175839318e+01
3.975966962303709806e+01
1.059366403016712326e+02
2.637646873029524386e+01
1.829627461819152359e+02
2.610904217631701840e+02
1.367070610166184110e+02
4.288964237203745711e+01
1.116923490958237153e+02
1.296608672640905127e+02
7.052007581935123426e+01
1.769343120667090830e+02
3.529782359220743615e+01
-6.061729177401690549e+01
4.212875249999376592e+01
1.511558461682632242e+02
1.120891586627692732e+03
1.260216044131555435e+02
1.507294811173556468e+02
5.676320532784607309e+01
4.216952226164415151e+03
3.104223712405250524e+01
2.915931640400741003e+02
1.083676910353893987e+02
6.672417685059797350e+02
7.899549456231189026e+01
3.531474749866089269e+02
3.564198489770348033e+01
4.523150740263034209e+01
7.342512790060260386e+01
9.550967055105672898e+01
4.313879434861645734e+01
7.638749999048107497e+01
3.277326999256864326e+01
2.847285515113723022e+02
7.953245122753976659e+01
3.835863361111110407e+03
9.766153443442644289e+01
6.033200247122576343e+01
6.466676948206766440e+01
3.181764907393640129e+01
1.406052777949056463e+02
1.000807512997088111e+03
1.195527943712245076e+02
1.367635717283637860e+02
6.278450729851817869e+01
2.958821139202959216e+01
9.182856648758607889e+02
8.897781630763748240e+01
1.032500408092768112e+02
7.645215642303466552e+01
9.791029983608690600e+03
1.704162668759923463e+03
9.738280009916460358e+02
1.050537493539326533e+03
1.597378218166983288e+03
1.633403245545352092e+03
3.878667569748919846e+02
7.406280329005452359e+02
7.590825188465997542e+01
3.114992694413393224e+02
6.190045452161330104e+02
2.458452996841465961e+02
1.026185987593347591e+03
5.336341674535829327e+01
2.214336981733073344e+02
4.671957463061413023e+02
6.025324208907526469e+01
3.237424633184526783e+02
1.731116419401871553e+01
3.728624072236203091e+01
7.601595114914598526e+02
3.785083686791721647e+01
2.498662120026413191e+01
2.856729821601060166e+02
1.404545518751484451e+03
6.675600083430455811e+01
5.755547744292956480e+01
8.168460794914530254e+01
9.031706036605319809e+01
1.271130256525917730e+02
6.918569055606059237e+01
6.522950431446047048e+01
9.069662722327294091e+01
1.316066449688101727e+02
9.567153811689449583e+01
3.803968276384244263e+01
5.935790684946847051e+01
7.024067143254016798e+01
5.860755520869455637e+01
3.687438135313562952e+02
6.170255663619208235e+02
5.055260500453185557e+01
-3.181361417865776531e+01
1.704834602017260465e+02
3.618101956712868628e+02
6.785446011785015230e+01
4.171639466919638153e+02
1.934872707375165248e+02
3.897836551676279271e+01
2.643648348629212919e+01
6.368412922127427578e+01
1.309011375275859450e+02
5.955855687500726390e+02
4.960783106812821757e+02
2.675603310933565382e+01
2.061988114306729756e+02
1.364746458162650526e+02
6.073146835286884482e+01
2.978766657010793324e+02
2.240253533769227090e+01
5.915376296729102705e+02
6.865730233557246720e+01
6.500364584218141317e+01
7.884766350202214369e+01
4.388392537203209258e+02
1.558965523903729604e+02
9.560245766886959018e+02
4.013597672179574261e+01
1.377447276612331279e+02
2.292691288245283090e+02
9.424730379942069192e+01
3.407292376496927488e+01
-2.294399120081034766e+02
1.776790789359286578e+02
2.436046795462394130e+03
1.483482495266584351e+02
5.221067382871945028e+01
3.071484812849305854e+03
4.781895953169090490e+02
1.529884992189038542e+02
5.447444412779442757e+01
6.041888370338924830e+01
1.272563947049595981e+03
4.535076707473164788e+03
5.034806119911971791e+02
4.202259905779847315e+01
7.030881820226434797e+01
2.054918336429221313e+02
1.235102232809973373e+02
1.384706146330821355e+02
5.991338675846549222e+00
5.088761378020610948e+01
1.711121701729517781e+02
4.220211511890482143e+03
3.607315227101917543e+01
3.129506306975551411e+02
9.494874486638217093e+01
3.671799981322354597e+03
3.451431330759288585e+01
9.348200103347559775e+01
5.563649329981498681e+01
7.313947736869980076e+01
1.801341659537259261e+02
-7.425585512333725546e-01
6.750947775481937470e+02
4.985677356321458120e+01
4.432793415930407832e+02
-1.893174715155903698e+02
5.879801817160293353e+01
4.047094719335439805e+01
5.659443503124701635e+01
5.029895304466418082e+01
3.644299777192789946e+01
4.459305034555034553e+01
5.152139813862279425e+02
6.221519661654485844e+01
1.148457526319010071e+02
1.227127233995122424e+01
2.285179711939988465e+02
7.663566907148473547e+03
4.115282995205676571e+02
2.814449688261040023e+02
3.402682875278590586e+02
9.749250429745394797e+01
1.846163064928865936e+02
2.019622350576620562e+01
1.566326215448113715e+02
9.710154754779813402e+01
7.383011244080685742e+01
1.215496476780811435e+02
1.923351212917247324e+02
3.174594914959294556e+01
6.801117048098237774e+02
2.322871286347280488e+02
4.685925246430733893e+01
4.201866485246152649e+01
1.404027073557696212e+02
4.990454431227502141e+01
3.662721586988643594e+02
2.284120725681485737e+02
2.846310934805400095e+01
9.841527852787956476e+01
4.140736245764787071e+01
7.124617364719682655e+00
5.291254682603329940e+01
2.720200616718430524e+02
7.284111291563868917e+02
3.730264620635564938e+02
3.865464757572574399e+02
7.476902363215484684e+02
9.843900474516908616e+02
8.790815752090671822e+02
4.490139847807949423e+02
8.001139662927396330e+02
2.170513227599082029e+02
5.211105446943389552e+02
3.137054415119590089e+01
1.439728060976255186e+01
6.374504454366634576e+01
3.074339809631516118e+02
3.699983632928833543e+01
1.184453601224439126e+03
1.779365308816612412e+01
8.813230709134019492e+01
1.769371208611263313e+01
7.868114610982738100e+01
1.370898326255525319e+02
2.259050605529425582e+02
1.009031768707392303e+02
1.109055883895091057e+02
8.046037738028195463e+01
9.656322601421975378e+02
1.082405506045198251e+02
2.183135069743618715e+02
6.155490443880636064e+01
4.468724208216339377e+01
7.140127929829478717e+02
2.039071688584825779e+02
1.099087212464471577e+02
3.176196280850143125e+02
1.221586561499161832e+02
3.194064929518511917e+02
1.198167182971414064e+02
2.793088937716058240e+02
1.610988343786642645e+02
1.442273563705642232e+02
2.405392820676624979e+02
8.676613770888684485e+01
1.811178548569915279e+02
-7.262181222638241707e+01
1.337766671588309009e+03
1.558967580333481919e+02
1.967225027132216155e+02
6.463862300088071606e+02
1.844788265526686359e+02
5.037927351406479914e+01
4.169466501667238845e+02
6.397422454640015843e+01
8.801947126727286275e+01
1.134395160517647128e+04
1.041856793914039656e+02
2.353684146128235284e+02
1.953849816898283279e+03
4.729393608505429114e+01
1.437015480580414533e+02
4.082423427053183218e+01
1.200094368088695774e+03
3.134339179015423156e+02
5.274488358435056057e+01
1.226445278138059223e+02
5.258518050402910404e+01
6.091271489950970164e+01
5.472582530927528666e+01
4.716359757906989358e+01
1.388675028185739109e+02
5.991000862617273697e+02
1.687878526998481732e+02
4.341690992764021928e+01
9.807452043844324407e+01
7.129417598276806530e+03
3.403181053407552099e+02
3.204611971983293728e+01
4.450645403554806023e+01
4.311695636333861614e+01
1.639900376639177466e+02
2.237192476070459435e+01
2.687100427408284986e+02
1.571235755528150264e+02
5.242146482095290594e+01
7.502086848920995976e+01
1.709607995000148435e+02
4.091165652308895773e+01
5.001088464048909543e+01
2.634468774929814572e+01
2.882619541613424303e+02
4.043109453715668167e+01
1.715738339910072341e+02
1.445096853774570263e+03
5.499227395915330163e+01
4.530780683536909237e+01
3.008734179939696674e+01
4.747448283465089247e+01
1.623259217980817368e+02
-4.164952215119919288e+01
5.565559499049265924e+01
1.364029382203278260e+02
6.024345501556422278e+01
3.249459250647266373e+01
2.113903592674314496e+02
2.110729190135095905e+03
5.605504303110799924e+01
3.635850755350101622e+02
1.472183130837279805e+03
2.420265822652840768e+02
5.987106071841449193e+02
1.351600631696272217e+02
3.520874650515003736e+02
6.116985850613811948e+01
5.202554121456812197e+01
3.173655183109507334e+02
4.112549444472394100e+01
1.528299781375744999e+02
1.224850216238294252e+02
4.746359152833868222e+01
6.095300791462363321e+01
1.119529246273786782e+02
3.922800220834279372e+01
1.205666459236598200e+02
6.121491489828689936e+01
4.484270463643689197e+01
3.319407120990240401e+02
5.689990949997210237e+02
1.832144283828935443e+02
4.586559991530208436e+01
2.632832570165855032e+03
3.737916222856648574e+02
5.589184815779780990e+01
6.646077215010545558e+01
5.255456637217318416e+01
1.432870098758507140e+02
4.910282926875432281e+02
1.604581525893320304e+02
9.897532617969000057e+01
8.977591687245198671e+01
2.352938430375928078e+02
4.286524536322210110e+01
4.085818859972112591e+02
-3.357061744610604137e+00
3.883847856412867259e+02
7.981897245249008677e+01
3.172573525906259420e+02
9.780856345889061743e+01
9.740908725575586402e+01
9.038231534866875450e+01
1.177608523315837914e+02
4.503003132698500366e+01
6.015795851785822634e+01
5.238161388446604178e+03
1.505871481809649310e+02
5.643995255196566063e+01
7.455393348259950415e+01
7.367623334203187824e+01
1.221067282203479181e+03
7.012691615158939840e+01
1.680347470941948700e+02
3.132145012800125983e+01
4.545794082472750688e+02
1.657638510712695279e+02
-9.168791453052838847e+01
5.672039765443147985e+01
1.037771295281009429e+02
5.556557063074443903e+01
4.545278433759875725e+01
3.529671841545225419e+01
1.715163509062072933e+02
5.521373929865361418e+01
3.882690242026707494e+01
8.461348646991762052e+02
1.908173257954647966e+02
1.026207962156999685e+02
1.065377767105829844e+04
7.402017800107892072e+02
3.394265837568645566e+03
1.620999086308702999e+03
3.503233921997586549e+03
1.518386133067187700e+02
1.869859606323444268e+03
1.585896797110248428e+02
1.696401649818051510e+03
2.685592711052225354e+02
1.226852902313541591e+02
1.146020008980462080e+03
6.128129930854333907e+02
4.906986432621019958e+03
1.146619216384038964e+03
8.126799375797988887e+02
2.049894958570740528e+03
7.533552669531686661e+02
5.197663288249193556e+02
9.841120601366354776e+02
7.413133224858913763e+02
5.752976825422440470e+02
8.161852398289303210e+02
5.659624530775921585e+02
1.578114761632839702e+02
8.905720787485442997e+02
2.518406298638813610e+02
4.547183453403940803e+02
1.418542515438080613e+02
1.283834195329811507e+02
1.608459028246672005e+03
1.010057954539949492e+03
4.165253543664542235e+01
7.117638502385366337e+02
5.360192938320717531e+02
1.272208952577334912e+03
1.187365919639600520e+02
5.690791812082610477e+02
1.527339649031881095e+02
3.279586183620963311e+02
1.163464819654890562e+03
1.296407250588277691e+02
7.511791330036663794e+02
5.145370592991930607e+02
1.817425771893511666e+01
5.146409055508519259e+02
3.719872813274899670e+01
2.809551900671992826e+02
1.840178467716147679e+03
6.451559804380792684e+01
5.443001967220705950e+01
3.875966733349920901e+01
6.594439220637204357e+01
1.742329632371579464e+03
1.989231295451783978e+02
8.350747612633534800e+01
1.514225218854602417e+03
1.033726444764659936e+04
9.766839642589056325e+01
3.219049473023259793e+02
7.477978464738274056e+01
1.830324776664902402e+03
1.440931880793565597e+03
5.969607966625392237e+01
1.266657380697588735e+02
2.575376545702813019e+03
2.147907790410788039e+03
1.198964071568176308e+02
4.183323537900810152e+02
1.074701864201954550e+03
5.807341260465449295e+01
1.493594876607994593e+02
1.613096382883446495e+03
3.834805677287447452e+02
5.782356882236197180e+02
9.379573933171990348e+02
9.161334815449646385e+02
2.126717401853869887e+04
1.175123513232958885e+03
1.738720387592707084e+03
7.921432755506543799e+01
1.072267023524164870e+03
1.060197787095909945e+02
2.208926119874085543e+03
1.981022189989687945e+02
2.243107699756742932e+03
2.298909177910315520e+03
1.461164607128629314e+03
1.192536582539651135e+01
2.548127421515009985e+02
8.666090811543807604e+01
5.092080961264199601e+01
4.767106620936399253e+01
2.319281585877291363e+01
5.810696799367548948e+01
2.358624622582500706e+03
1.084004248618232850e+03
9.379749491794193546e+02
2.406109752155835395e+03
2.105085832410224157e+03
1.200415598548325306e+03
2.015331430388100489e+04
4.485998466069912638e+02
4.240909853748461273e+02
9.241275712891747673e+01
2.223896683497340518e+02
4.023087315756898533e+03
1.140048159283142581e+02
1.694487443884459594e+02
2.073850163447982879e+02
1.887279909886866847e+02
6.272962327713331661e+02
4.686772053363563373e+02
5.575758786074802487e+01
8.875891095470743153e+01
5.953773235997571192e+02
3.367263562739437788e+01
8.879084027006801989e+02
3.331683813853307186e+01
5.335458371529496162e+02
4.023307996836374059e+03
1.324268859919297938e+03
4.631343556967196378e+02
2.547683417524502261e+02
2.669727916951026145e+02
2.594995526974236100e+02
6.016497834788775378e+01
3.503429816820094800e+01
1.590036675426200929e+02
9.064231379281893908e+01
1.044607794973934460e+03
5.690330991940165006e+01
8.340096489135905244e+01
4.426135055457025373e+03
4.593229004463850629e+01
1.209012919886821464e+03
1.126949987366847836e+03
3.261862501223674258e+02
8.378020743037383511e+01
3.936882485941978871e+01
7.397643978382154728e+02
4.069702302766072535e+02
9.410654493635476570e+01
3.300823077579793221e+02
1.126922903999288792e+02
7.204164700118856501e+01
4.437741774762608316e+01
1.213030755414714861e+02
5.087152277776942356e+03
1.961261157591049198e+02
3.487743806894677334e+01
2.636732022822009753e+02
8.548553145652782632e+02
4.651337555536782276e+01
2.479679624293067945e+02
2.636113762809830519e+01
3.064295813143902478e+02
4.222807149294992257e+01
2.312536022593712559e+01
6.586563208603679413e+02
1.092209128289523051e+03
3.443110010061773210e+02
5.260189514819982151e+02
1.887635270032626431e+04
3.560908925423888149e+02
3.382182011721617982e+02
4.700700302770520267e+01
2.275601450043764544e+03
7.597528836044867262e+01
2.219734322463743410e+03
4.932001753807274440e+02
4.673980547060089208e+01
1.908135370157221757e+02
5.308427630669453947e+02
1.736139846828992717e+01
7.780533415877995651e+01
2.739530219014993051e+00
2.567937794305586294e+02
7.849818290840144641e+01
2.158085277425166169e+02
2.988476003202116971e+01
5.249871257497800343e+02
1.235622830554708344e+03
1.628612405119224604e+02
1.480454993259867251e+02
3.079527746305850542e+03
5.089758389517301680e+02
9.573608149621223617e+01
1.814197239031800564e+02
9.856888082846040788e+01
3.041807300107461174e+02
2.222769991364977216e+01
3.531224036481785333e+01
6.514249832985423438e+01
2.912147370454428597e+02
7.559296066950903992e+01
1.062775932122619196e+02
4.945899574137027344e+01
2.046097068899086580e+01
4.342562951975073560e+01
2.492681095287618120e+02
3.866177152438922917e+02
1.002756315471021253e+03
3.001565219176671917e+01
4.559221575737849435e+02
3.666735472740732149e+01
2.044292682204776384e+02
9.692289194332539992e+00
2.633459412718212533e+01
2.458503179360327806e+02
9.526556765706286569e+02
3.237705194334266707e+02
2.193770752499891614e+02
3.177100269637926999e+01
6.661631882038669801e+02
1.427902026184927763e+03
7.922621315899172032e+02
1.133088541895864910e+04
7.513309123637456821e+01
8.872274979977283920e+02
2.331294599147491624e+02
2.818051246486991772e+02
-5.155720045824412523e+01
2.365478888044902561e+01
1.136658884200249844e+02
2.067039102351690616e+01
2.854973262993017258e+01
5.904857726053805891e+02
2.418326884664154477e+02
1.615444032172286461e+04
2.032596370146653726e+02
4.159902517065872019e+01
1.230226107145225569e+02
4.772466848539254443e+02
6.605419924645491392e+01
7.272632413119700914e+02
2.107479259347223604e+02
1.143772376645400328e+02
3.518147247979484149e+01
1.945729023189813063e+02
8.728571287529183564e+01
9.023334106242775476e+01
4.938271371701847556e+02
1.075778223689846698e+02
1.804165043144297670e+03
1.459514248383466679e+02
4.270277043822684391e+02
2.271819985996377511e+02
3.862250052261694577e+01
1.047360673550716257e+02
1.066400762836708225e+02
1.149809058824107666e+02
7.160639470904166615e+01
5.390926110553402850e+02
5.796919115255410304e+01
1.607783869105220731e+02
2.085098442903165221e+02
4.508211101603652082e+01
1.755105336854013558e+02
1.199325939363753832e+02
1.846397069191446008e+03
5.698539066891138560e+01
4.849744821800670991e+01
1.058722751269921361e+02
1.411558542054701547e+03
1.458560245835851674e+02
5.132381596572345472e+01
4.702596818153310778e+02
3.615958581191242160e+01
3.414077908455783472e+02
1.270065373732621993e+03
3.095682231230530306e+02
5.885678949383309373e+03
6.108316504966874305e+01
5.503586256840362694e+02
1.094401319831235242e+03
6.100212104982101380e+01
1.376337905012228475e+02
2.385540736782290239e+01
1.058714992748252371e+03
1.031379689811887602e+03
3.673668448875266108e+02
1.420235425511785706e+03
1.787558560073197668e+03
4.881359777543598852e+02
3.486782719544828524e+03
9.985868017694245964e+02
1.495842126532334362e+02
5.226292883493358659e+02
2.156014711462885771e+03
4.334085482173909298e+01
2.273280559743482172e+02
7.119361755132908343e+01
2.286743283068926189e+02
1.629649660535324642e+02
2.910674143549870792e+02
1.534652804335250664e+02
2.721530157502982092e+02
1.073207189173364782e+02
1.561234459938523287e+02
8.504229578703626657e+01
7.313398518541232818e+01
7.771215626956167455e+01
9.813406356834347832e+01
4.396422493608068862e+02
2.056986826037103526e+02
3.609652685190103227e+01
5.923710974701246812e+01
1.674633612248508996e+01
3.981927878011387634e+01
6.110371373845396192e+02
6.515960854412293202e+01
6.414230636362879068e+01
4.150113507578305416e+01
2.753910209390464559e+01
1.595756369555125218e+02
9.703007168037923691e+01
3.366167935839724379e+01
1.015635260345906801e+02
5.758181612053765974e+01
9.100804427463893376e+01
7.100893469055782248e+01
5.944001789415928982e+01
4.019960566005192391e+02
8.054812143406492169e+02
5.895565152279125414e+02
7.247994883498562331e+02
7.653751128648734436e+01
5.005218476701075474e+02
2.653849417274517464e+02
1.367949641616750966e+02
2.282600735191902004e+02
8.643252580867113011e+01
1.221104565972450189e+02
4.049249684517942001e+02
7.496872561061246643e+01
8.952557447224010048e+02
5.252299760045558514e+02
1.982881417854520350e+03
3.935637914878056563e+03
3.796358398094080258e+02
7.378251990352548091e+03
3.084335362502317253e+02
2.279465339519674103e+02
9.308716160081411317e+01
3.824160714328277777e+02
1.016844364969758090e+03
5.824919259552898154e+01
3.099566331654035523e+01
3.429446873085634451e+01
4.490706130801811469e+01
2.189289712637388448e+02
4.459733752875799837e+02
3.500852398758547110e+02
1.549196643250594207e+04
1.860460395197123660e+02
9.054474075157119728e+01
9.304244441471489324e+01
1.229638390927209457e+03
2.894091099767429114e+02
9.461050685913608049e+02
2.869742162434438981e+01
3.181319567510232105e+02
6.874854760748127092e+02
4.251930443234671486e+01
1.891996150278152911e+01
1.820411505573702371e+01
2.185438447955824159e+01
3.614980009406598782e+01
1.964457163219427684e+02
4.024799069188696308e+02
2.077367604349664134e+02
1.074730679688530472e+04
8.689497619204139482e+03
