4.541705327952704430e+00
5.255140964735399045e+00
4.230905915261825356e+00
4.613465284792168219e+00
4.441497921022643958e+00
4.906831276074854031e+00
4.483439858371117026e+00
2.509621927548442599e+00
4.225337737455211240e+00
2.872957550528956183e+00
6.135444187669715888e+00
4.569550575285524552e+00
3.814063220676683574e+00
5.401269186371988162e+00
3.249654825548085046e+00
4.355135812308934540e+00
5.019039318273654793e+00
3.848225814890499752e+00
5.671436443478636846e+00
3.665426508764253022e+00
4.528512331169218363e+00
4.611451414177659025e+00
3.341433653805379933e+00
5.659317069312558957e+00
4.100618609033482187e+00
3.449261507516867109e+00
3.043785552424649765e+00
2.721565458380680980e+00
3.983698823009576895e+00
3.416865995435761860e+00
3.368292321606776163e+00
6.723943307592548990e+00
5.143681517448184692e+00
4.435682444952911752e+00
2.570517459290395657e+00
2.915983713855630821e+00
3.224216752939762731e+00
3.055545462880095542e+00
3.619559764045390704e+00
3.027761326657643970e+00
2.946077312417773708e+00
4.137735233843862659e+00
3.697191706996293625e+00
2.968268545361860244e+00
4.637213863892633015e+00
4.378360487945966106e+00
3.418497234975246268e+00
2.866929628419363496e+00
5.449755252255912730e+00
3.804811278348922077e+00
5.254589798408799695e+00
2.984221654974112958e+00
6.259871476854712569e+00
4.857548211675029037e+00
2.311904627432494586e+00
7.103727100302830166e+00
4.602624832408679367e+00
5.859004024223597007e+00
4.414363442953689542e+00
4.692002097114380099e+00
3.412398552228091742e+00
6.383937355444624373e+00
5.174560551639022954e+00
4.160320856871755346e+00
3.396590330350580444e+00
2.316418350032811269e+00
3.626495008152022859e+00
4.424598901058462985e+00
5.072192514839916733e+00
4.676399290115800689e+00
3.828912312421719477e+00
3.787221903338686690e+00
8.140125455816384914e+00
6.523490994910652319e+00
4.368871031516042613e+00
2.634687705200329688e+00
4.048313051372136151e+00
3.572468578096917202e+00
2.620246003762735310e+00
2.654346228591008217e+00
6.018167059634889959e+00
2.987628854700448588e+00
2.355131693191039322e+00
3.405595379741269468e+00
4.553605626475728307e+00
4.108440101084489093e+00
4.901614460226491055e+00
6.144571564103275207e+00
3.332549837815827587e+00
4.656550370178340614e+00
3.365212786454928384e+00
3.315413601191338433e+00
4.230429364386533386e+00
4.147860191572267041e+00
3.937820237777933663e+00
5.352879352260408119e+00
2.854862401357947999e+00
4.558314603737651183e+00
3.765453881326123131e+00
5.671567149884580772e+00
5.276038726491567132e+00
3.514880517878489208e+00
3.540907361062613390e+00
3.944906592604646711e+00
4.759596880074396630e+00
4.165662709903918071e+00
3.197067841706816793e+00
5.586362030227608244e+00
3.028740194098322291e+00
2.552314531513062423e+00
8.873850014047270918e+00
4.368111550911637053e+00
4.590303533859837692e+00
4.646601352876672308e+00
5.349296103582090289e+00
8.003980800688911046e+00
4.860290326457784360e+00
3.808925133908406924e+00
5.370967794521160243e+00
3.384025211004044742e+00
3.703531358786902317e+00
4.016378452627360929e+00
4.183727006990043407e+00
3.314557046454744249e+00
4.870218690271769901e+00
3.707798733165582394e+00
4.167300406015248093e+00
4.107698514376325605e+00
2.972065879562876489e+00
2.747644443485549370e+00
3.691859112164374235e+00
3.320553732390805202e+00
2.756132698474075049e+00
3.883257985238444121e+00
4.596388344274751070e+00
3.128765669492453938e+00
3.915415545744458825e+00
4.241317270230153369e+00
3.329900953494966842e+00
2.828291453993251992e+00
2.749022567862570821e+00
2.795813193896570237e+00
2.501197031009331440e+00
2.595580620818832784e+00
2.680773800208058333e+00
2.550137962610485420e+00
2.377424775907801546e+00
2.601519916275660371e+00
2.725984971291358416e+00
2.219310168046549236e+00
2.413961398993213159e+00
3.294167841598709678e+00
3.115783150799767753e+00
3.140668437361492593e+00
3.221315765626654670e+00
2.456651078277545253e+00
2.589980867819527965e+00
4.015906532309535315e+00
3.005492305358279825e+00
2.939132700282686361e+00
5.904895229437000737e+00
4.137048162852121180e+00
3.351082979718966293e+00
5.231736171413587932e+00
3.551519417973282078e+00
5.508662223080206921e+00
6.071943431342674558e+00
6.703040086286200960e+00
6.663869368607358901e+00
3.815550934268440830e+00
5.727957827489502662e+00
3.113279128705636278e+00
3.474667035439152230e+00
3.533832649665704206e+00
3.428499815161142550e+00
3.756362696747348906e+00
3.508183783919923027e+00
3.544247950145124726e+00
2.582858702659091232e+00
4.546956697067852993e+00
2.955337555204378130e+00
4.136768258580182156e+00
3.112987254716514940e+00
3.427382287570899688e+00
4.201818499481418279e+00
2.993524156402266545e+00
4.223968723902090439e+00
3.059065552528624998e+00
4.191029666515557750e+00
3.205170256505426973e+00
6.029045240006499107e+00
6.384063413705723278e+00
3.177927244629451753e+00
5.326984949220916477e+00
3.225535823386418866e+00
3.396277736036095174e+00
2.854534217214650837e+00
3.855919100089959084e+00
2.972558518981683662e+00
3.520413109138863295e+00
3.375811442937251439e+00
3.305420170750655195e+00
3.196982089129481341e+00
3.225757395453418219e+00
3.402085748074640925e+00
4.154890541093203105e+00
3.110833938972527246e+00
4.954520152046949732e+00
5.425671980529996219e+00
5.206604503360283687e+00
4.640363148048937347e+00
3.214489252853498069e+00
4.828915211240538241e+00
4.802525328036335139e+00
3.358818830133783795e+00
2.914399332244040242e+00
3.978531500264832044e+00
5.146614684806076312e+00
3.893547868144767943e+00
4.781434187535348990e+00
2.279078662353470008e+00
3.273138682543545119e+00
3.201380813339496978e+00
3.346341534455377520e+00
1.986897394970200015e+00
3.841386082657605172e+00
3.671327902831425849e+00
2.824301815233324575e+00
3.015161921392502276e+00
3.922883803610473841e+00
4.464269325429524038e+00
3.493185065177854209e+00
4.119459099926790380e+00
6.020630382410375070e+00
3.449343880411216645e+00
2.831696146637578071e+00
3.541326409417969057e+00
5.835007408001720464e+00
4.554332427739898215e+00
3.302153604726421943e+00
3.061340403264134924e+00
3.166495313280347723e+00
3.009353854125861094e+00
2.794603830501773523e+00
2.853090825942024900e+00
4.934956882868937633e+00
4.917937807592349664e+00
4.339705808605145876e+00
4.761496087725838322e+00
6.621504526174302185e+00
4.516795094350257500e+00
3.438586638755009250e+00
5.058299104594496498e+00
3.972970220648980089e+00
3.998101604281857568e+00
5.615995240396532751e+00
3.353101209724831833e+00
3.642791061279189613e+00
4.162201736367116212e+00
3.332577929970059749e+00
3.253675425620198958e+00
4.720728405305913533e+00
4.140029158435053702e+00
4.992694590893703044e+00
4.463605660175814727e+00
3.321620417068362308e+00
3.304517622935561505e+00
2.824083813876368865e+00
4.653118713889044855e+00
3.207682748154612629e+00
3.022186358569229014e+00
5.038270079155516612e+00
3.540194759265746782e+00
4.393793952958025884e+00
2.660860141369143061e+00
2.933173706882053366e+00
2.936170323024078321e+00
4.797868110101866534e+00
5.443085068474605492e+00
4.692993952958691928e+00
3.533691041097959840e+00
3.165133508552377073e+00
3.066348694990131740e+00
3.045532502457203083e+00
3.164602442713268182e+00
3.175366407408003688e+00
3.737101612394198025e+00
4.662272955671327601e+00
4.646100260355506606e+00
3.305746359209296603e+00
2.831720972885242826e+00
5.030937485756897587e+00
3.295058172206727587e+00
3.330628542851282070e+00
5.400607804411579949e+00
2.594718533372380342e+00
5.933871632011260999e+00
5.548947237134337129e+00
6.864924311973055637e+00
5.003087820143563569e+00
4.836233982528424846e+00
3.875451259906438128e+00
3.642649653541242039e+00
3.989482248988529989e+00
5.338071002264912046e+00
3.320000398434376887e+00
3.406956154959236205e+00
3.867185583463737419e+00
5.218761265717897224e+00
3.241616168026943079e+00
5.359675030923246375e+00
3.542292174945099958e+00
3.747085378301050262e+00
3.432717862615580540e+00
3.084821906099946887e+00
3.516261348620020932e+00
3.912236287626238429e+00
2.893850578014425690e+00
4.292242690738917510e+00
3.920722957844026801e+00
2.719530707929882052e+00
3.582178166189410984e+00
6.289148040484180413e+00
5.033019873911550590e+00
3.924980014090842850e+00
3.420862820849286834e+00
4.685411406972617598e+00
3.088702658526571554e+00
4.765296415775549299e+00
4.471327427956752310e+00
3.314251937139473636e+00
4.088447813125954511e+00
3.469750276908650122e+00
3.885756369843690550e+00
6.803389046658759653e+00
3.996639954431264741e+00
6.248826362451318062e+00
5.119037576034540571e+00
4.155515425495782900e+00
3.813022372319501141e+00
4.275616386177257588e+00
4.067537844962856752e+00
3.347933004137164215e+00
4.287359730786132417e+00
2.840589322865661792e+00
2.369706386706731838e+00
4.518433230711950799e+00
5.300315225243107164e+00
2.859608566020874765e+00
5.948051318819834066e+00
3.506980422891547988e+00
3.590521074115386568e+00
6.281380101859127763e+00
4.442144385230906600e+00
3.189972436325303917e+00
3.325201130585438758e+00
2.884119387417100722e+00
3.011776519218646975e+00
3.283598101179136641e+00
7.124367371698841822e+00
3.947170781865857681e+00
4.261706076243201302e+00
4.242395549355688189e+00
4.146153167571394071e+00
3.818184468324759440e+00
3.586008672450812007e+00
6.631870836888317022e+00
4.563389199920137251e+00
3.469645791115306022e+00
5.406484924168275086e+00
3.133485124664421306e+00
2.832802792271984949e+00
3.937777193729464553e+00
4.219543749968529767e+00
4.872529647476530279e+00
4.071157008410729361e+00
5.320783521070871380e+00
4.994565783120672897e+00
3.103601915754023999e+00
3.924635515681019537e+00
2.819175826826684439e+00
4.311383954814474784e+00
3.438440610304665856e+00
2.932625921664443247e+00
4.793038232009163124e+00
3.116166390640132899e+00
2.903841834421715618e+00
5.477147485652794856e+00
2.118064827516715098e+00
3.058213057824824777e+00
4.660675871136213289e+00
6.089174751779137473e+00
4.024670989282843614e+00
4.257625542328164592e+00
4.505913251427399402e+00
4.412601991249755606e+00
3.820692809372262300e+00
3.659563418581531113e+00
3.863219855853283757e+00
3.868937533512232463e+00
3.284596952202259779e+00
3.456234794906361429e+00
2.897628065616928428e+00
3.124233069844396304e+00
3.158041631535337235e+00
3.678640158123097414e+00
3.357272180513109383e+00
3.164772015630121782e+00
4.411181791581401335e+00
3.810495356356625063e+00
3.073319446336587379e+00
5.309341061176065857e+00
4.230688748622507767e+00
3.155668536350296094e+00
4.710338540557568621e+00
3.821078650685471256e+00
4.471707506980240332e+00
5.846029117712075340e+00
6.053116593687782654e+00
6.399470683023525730e+00
4.074377525493305008e+00
5.091159157209591335e+00
4.661625905945814274e+00
3.335387996380147158e+00
3.943871478624281224e+00
3.840268118699664335e+00
3.488417518396658146e+00
3.277059135055830463e+00
4.363379280836389817e+00
2.746448597106542433e+00
2.672321576549014921e+00
5.618445267413388677e+00
3.321402056237703349e+00
5.406354724059245775e+00
3.760865399493695360e+00
3.368456380185692378e+00
3.432415014141035670e+00
2.940497059949391812e+00
3.481845536210649517e+00
4.630498619458201404e+00
5.122227581708489019e+00
3.427696349987932933e+00
4.336568006626611904e+00
3.384400263955415156e+00
5.176985797117491295e+00
3.975562764885214762e+00
2.985929157300521108e+00
4.294473789327255098e+00
3.808607286389608326e+00
5.144470607296995901e+00
3.594865194649251361e+00
3.863918875659629659e+00
3.735838810287417822e+00
4.275140803507620824e+00
3.771293804237283442e+00
3.801245878143077128e+00
3.132086144099169189e+00
3.104752314718631112e+00
5.043790902908223295e+00
2.892365308720709294e+00
3.145211713981652668e+00
4.449088791134399479e+00
3.591515725418800820e+00
4.691702234913880609e+00
3.415422810957673860e+00
3.397586990377815752e+00
3.630374367590757601e+00
3.658409488887500949e+00
5.387091835163493769e+00
4.539187133343811631e+00
5.510737162303241732e+00
2.629558001944150458e+00
5.183260523395384567e+00
3.931463041512760270e+00
2.892281129382514138e+00
4.096744114435377782e+00
4.142802713129935199e+00
3.213139184620188438e+00
5.239694637753269824e+00
3.536461928236021457e+00
4.055476172776041999e+00
2.611302761628938374e+00
3.328390674094029666e+00
6.060507437007842668e+00
3.700005260128957474e+00
4.008902044289936129e+00
6.473097898613892731e+00
3.095767627589488313e+00
3.438526966047175115e+00
6.376980692889622659e+00
4.598309489695692420e+00
3.487383937461405292e+00
3.451786394527642798e+00
3.003614684960542291e+00
3.214509570251673054e+00
3.008883688476234219e+00
2.229363056525380138e+00
2.721583953190434446e+00
2.453688945722871217e+00
3.067703183213594365e+00
3.537865781993196457e+00
2.559154770161503389e+00
5.172571754467114147e+00
7.523793829114651999e+00
4.150352611227043020e+00
5.160108246081883010e+00
3.747888929323942797e+00
5.252218808708720488e+00
4.955405545219194963e+00
4.753867565979344789e+00
5.179096802927031007e+00
4.812615168896379636e+00
3.565224794116244045e+00
4.987721555044961619e+00
5.495520876646717845e+00
3.256507072435085526e+00
5.415055420075411519e+00
2.815846523068398000e+00
3.064203780830506929e+00
3.388644174183145452e+00
5.899523798326869795e+00
6.033250139302113624e+00
4.806821376245645538e+00
4.272881723005808041e+00
4.654460309554584008e+00
4.178146670798827067e+00
4.660612216090251891e+00
5.080487225853850042e+00
3.616159815331039251e+00
4.081826144123180455e+00
4.705940771815988910e+00
3.207144341596626536e+00
2.876163776533530392e+00
2.804495476162720546e+00
4.059961393660967310e+00
3.681812284752469466e+00
3.052783037744616124e+00
3.751138749218928758e+00
4.866887797075499122e+00
4.032499384724465230e+00
3.450547140964893345e+00
5.657469792563492028e+00
6.150832207212500791e+00
5.741222171833885390e+00
6.684226316623346875e+00
3.346604808293549560e+00
3.659197441941302475e+00
4.952325662170173892e+00
5.520640227185056759e+00
3.737745479297500228e+00
3.123144881887467861e+00
4.431392605057456358e+00
3.845347350241145268e+00
3.868613606527504523e+00
4.037751915976830475e+00
3.162852863946725712e+00
3.799182958756208706e+00
5.879296419911788085e+00
3.120354162813466115e+00
5.154903681653281389e+00
3.685355465453068025e+00
3.826980078026137821e+00
3.747253766870966007e+00
2.988500405790293524e+00
2.531405660468824426e+00
3.704167408719307719e+00
4.268632261458304100e+00
2.737309191537606434e+00
5.675905810705113907e+00
3.980835544176569929e+00
3.895014225300352795e+00
3.388665027919711914e+00
3.456795913277340038e+00
4.900788547332568967e+00
3.134742564747377447e+00
3.680732742943703784e+00
3.919704250646362631e+00
3.753925015729965509e+00
3.377602483403102429e+00
7.027011121487475975e+00
3.574819210071407127e+00
3.812384692638294936e+00
4.211681940965670279e+00
5.312187796667151574e+00
2.808913553087057924e+00
3.231827765053203017e+00
4.840000837069178274e+00
3.549119404959526936e+00
3.661581869821694646e+00
6.562106946771145033e+00
3.876144345181478990e+00
2.768889071981853967e+00
4.560359868762178692e+00
6.215499439226459977e+00
6.068094274150757528e+00
3.326201531222335195e+00
2.932110192934075155e+00
3.740633575884387607e+00
3.041504497752490099e+00
3.933035837021725545e+00
3.074559261357323603e+00
3.113317548908572263e+00
2.847445114579143510e+00
3.594382657674622727e+00
4.508838792758506742e+00
3.704903204789600224e+00
2.741792703054012570e+00
3.296033819142289101e+00
3.958383609121177926e+00
3.663100506418392133e+00
4.211797513850216390e+00
5.650296056438958381e+00
3.560352090612728837e+00
5.672848571499521597e+00
4.287403308611352770e+00
3.495466871572503464e+00
6.426746443005734832e+00
4.337741037560228108e+00
3.767444399803408839e+00
3.646393167149772019e+00
2.979513369405456302e+00
3.066176426631323615e+00
3.118299245161466615e+00
2.892390488819965633e+00
3.007300611934283552e+00
3.103289678308501109e+00
3.427179118043853556e+00
2.526876275242031511e+00
2.878998932742919070e+00
2.963446689289958691e+00
4.928655820056113690e+00
2.748363623844753967e+00
3.799397757170730472e+00
7.092009728713971839e+00
4.884040237929752060e+00
4.059984243516761460e+00
4.806942594305960270e+00
3.277716650264653975e+00
4.092636375077788102e+00
4.217041897722378252e+00
4.403037825905130376e+00
3.869687223702103385e+00
5.361547819892662048e+00
3.135739422432394452e+00
3.290097929933093912e+00
3.106947813275164894e+00
5.176778928787388878e+00
3.068317130068095366e+00
3.975936742315802519e+00
3.895722696326629375e+00
5.052914660882073861e+00
5.572061512312772358e+00
4.197024286354747780e+00
3.649592705374936408e+00
3.955599223928807362e+00
3.718667239633333121e+00
3.117021114228347489e+00
4.619762386866528736e+00
4.189840378850188785e+00
4.043295185074842202e+00
3.306180634290813991e+00
4.425816041095850473e+00
3.251103550384941698e+00
4.573961711094001181e+00
3.785078848632751569e+00
2.755943890328278023e+00
5.199277857463383334e+00
3.124010273001787130e+00
4.362324096277152563e+00
3.659871174958505335e+00
4.597420587896910327e+00
2.532499441705142740e+00
5.730001329177457414e+00
5.049973726630224036e+00
6.390735903056231848e+00
5.124782860986059951e+00
5.750921192014000205e+00
6.189297811896006252e+00
3.273812168249472521e+00
5.323498388301969086e+00
6.067641713669152281e+00
4.767727053201674003e+00
4.815296504021587154e+00
2.938142035828557042e+00
4.213966222482142143e+00
3.258213491221252589e+00
2.954692896101101418e+00
4.554089057974117338e+00
2.843489975724960317e+00
5.840756853891021727e+00
3.083976660285840499e+00
4.937076618898907476e+00
3.544627554508656520e+00
3.858191693210250239e+00
4.424398503101661717e+00
3.714401311374758485e+00
3.174009004092659403e+00
3.432079027856223874e+00
4.669701006639670915e+00
2.866442003491838086e+00
5.318914164687416957e+00
4.251935350141419434e+00
3.703939902408270424e+00
3.946780332508384337e+00
3.765078242311479695e+00
4.790296732517693279e+00
5.662447823269825875e+00
3.442516764314805133e+00
4.186054750562487214e+00
3.295504159366240415e+00
4.010355324012504497e+00
3.572482653743906500e+00
3.530698608362119906e+00
7.163191471554117840e+00
5.057360850088802096e+00
4.124724354125730130e+00
4.290680977765574333e+00
3.489812856275047004e+00
4.045259894374131804e+00
3.533932244221624774e+00
4.225184273384912537e+00
3.698288068619669300e+00
3.619748361231351907e+00
3.707596543405444756e+00
4.497988159429834099e+00
4.526245222990720407e+00
3.417007558512847876e+00
4.979906560244453217e+00
3.236795116202368039e+00
4.141884269192884105e+00
5.879685747451646627e+00
3.145077486228125441e+00
4.136518742978262608e+00
4.430961886792368354e+00
3.574347801254692314e+00
3.656058376826877954e+00
6.520189134350131255e+00
6.629090763371492834e+00
4.030707291450300822e+00
4.513725608259444577e+00
5.197138067293094466e+00
3.613543004319843099e+00
4.456579442926232204e+00
4.571594973360158853e+00
3.737191879313728649e+00
4.679542615598061062e+00
3.623880315555548126e+00
5.032763945135804384e+00
3.563914249616779273e+00
5.380041620444796280e+00
3.240825405443968688e+00
4.005378925470271412e+00
3.591140568180552606e+00
7.205767708702357055e+00
4.720716269891160444e+00
4.521435622655032738e+00
3.899076954985976950e+00
3.840754985133111532e+00
2.921913902760302939e+00
5.780690574614123278e+00
4.753321810464647967e+00
3.525355422293993346e+00
3.805357943892454298e+00
8.046855982733092105e+00
7.354123006716120514e+00
3.555193770300026479e+00
3.968051323147536724e+00
4.072355157640354939e+00
4.598043849158427676e+00
4.373812330398606285e+00
3.179839502797877415e+00
3.839743786857274799e+00
3.468288817365548837e+00
4.172366471165338986e+00
3.164784618276561101e+00
6.456219029431773393e+00
3.212671201770738616e+00
5.299474899226111368e+00
6.428434407516350646e+00
3.262818769054969703e+00
4.707111397679652143e+00
4.004079923868896884e+00
4.330853744477244582e+00
2.844418974122635113e+00
3.890048951795162857e+00
3.652214431112303927e+00
4.164244949098167226e+00
4.038593568886071239e+00
4.218047953127698868e+00
2.916544435176570804e+00
3.617096586175894135e+00
3.274663478011833551e+00
4.646803970773919268e+00
3.845294220518076678e+00
4.683117089400867350e+00
6.530423192156737500e+00
6.207245579033362937e+00
6.914453694357538538e+00
4.353041453179884002e+00
5.116340182931946146e+00
4.858642186407623242e+00
4.488404851521694994e+00
6.355276216737469674e+00
4.006268604485467399e+00
4.177259700750509452e+00
3.265460625794719629e+00
4.723459432247851808e+00
6.033716763423998763e+00
4.550929386741675131e+00
3.672132300528506033e+00
3.640285223638384249e+00
4.351184582927001721e+00
4.000522022712096337e+00
5.349312406998218528e+00
3.064174285124951158e+00
5.915916682929598380e+00
4.532201322013974298e+00
3.427278557554946037e+00
8.243563043801604096e+00
4.628260883473044096e+00
4.245600185552866890e+00
3.548331852303604705e+00
4.424773694798746604e+00
4.460684091387831174e+00
2.986250538272260613e+00
4.548032237260718702e+00
3.184583915701541201e+00
4.070410856989602699e+00
3.677286965374656269e+00
4.435697640873272007e+00
3.782924947365077895e+00
4.478215257846986042e+00
4.415535192962575017e+00
6.495762785547348983e+00
4.057926624544697880e+00
7.524173490223536653e+00
7.427003321291469895e+00
3.721443008633374294e+00
3.281536531811080071e+00
3.570054627446509699e+00
3.305520754052050592e+00
4.309469322670987701e+00
3.361293645603965707e+00
3.005432480262230310e+00
3.037175583402002665e+00
3.560097267579980684e+00
4.356238220003007200e+00
4.323081477793971672e+00
3.115653267460758435e+00
3.307224072899848988e+00
4.497714749312199167e+00
4.291597742746410482e+00
3.302938082198756842e+00
3.451692509184619340e+00
3.058670872405489405e+00
6.748827743836043780e+00
3.891525711643986973e+00
4.424584206553112686e+00
3.279522049255026772e+00
6.933162850918872522e+00
4.915456967442355385e+00
4.411869708095923492e+00
3.666041888252396852e+00
3.557215109447382950e+00
3.015149175353305289e+00
3.932760239542224756e+00
3.388474356812710475e+00
5.888756717748386826e+00
4.771062198963078593e+00
4.330536982289629577e+00
3.542213185354502691e+00
3.459483193839762549e+00
6.097195524621622731e+00
9.375546979683242910e+00
3.794119310838443226e+00
4.536508253370509003e+00
5.381689757266419960e+00
3.928032111883588584e+00
6.030729156579094585e+00
5.135946007700189497e+00
4.711219828127384268e+00
4.077641032578921632e+00
4.645291490630608422e+00
3.164551610787196267e+00
4.523189365772488202e+00
3.206977006570022493e+00
2.935071010999146246e+00
6.049439491417846426e+00
2.597178625847025302e+00
4.795476744092914245e+00
6.051176476231733048e+00
4.118467849210905030e+00
4.648236381615431512e+00
3.107313037231988151e+00
3.389759330326008069e+00
2.884773325556809098e+00
4.093081785687650687e+00
3.751947737460833654e+00
3.251938594066825949e+00
2.683168264634737454e+00
2.824957520586607096e+00
3.539044749576456983e+00
4.233897730867912657e+00
2.472586574957577721e+00
4.712062602941811562e+00
3.204664795916213116e+00
4.001970422372705727e+00
3.012224108738329686e+00
4.575177202008968713e+00
2.271384022747391818e+00
5.875470305334758336e+00
4.554648098231967701e+00
6.271119395895693671e+00
3.774645929276791989e+00
3.957816781830279407e+00
5.604360343836141567e+00
3.538560456053882142e+00
2.987861005014743832e+00
4.865199586407529253e+00
3.604318436047956542e+00
3.535805664052049657e+00
2.531360565037199528e+00
4.040824556983147353e+00
2.813167944188191161e+00
2.949016028396319822e+00
3.372484560470434101e+00
5.661976345505831176e+00
4.851190527865605340e+00
3.015903710061053289e+00
3.447062619448613585e+00
3.574741882611799593e+00
2.848535940779697739e+00
2.783478139315183952e+00
2.220627093723352541e+00
3.484587576553151322e+00
4.758620033436476326e+00
2.522039350354527976e+00
5.096417646167732407e+00
3.119433819313615519e+00
4.772082359238463134e+00
4.163855164557545230e+00
3.200493839278355068e+00
3.238812480732288890e+00
3.648050387527803640e+00
3.737762959998746304e+00
5.396697388906322779e+00
2.531867291319459312e+00
5.907686166262316796e+00
4.505623057517952113e+00
3.869666031927291971e+00
3.203563752845023149e+00
3.917704229486247858e+00
3.219528829048779350e+00
4.086935438554737843e+00
3.261176734023166990e+00
3.141161378952735728e+00
4.845504785109104873e+00
2.703444423187800094e+00
3.577886576828816612e+00
3.107001812658921391e+00
3.866015982238510951e+00
3.571725776511305295e+00
3.804384288926123237e+00
4.471920795855110597e+00
6.887022490243714046e+00
3.879175607562682870e+00
5.694768832646087908e+00
4.975975040924364379e+00
6.611831899144027247e+00
3.641085408852561045e+00
2.758342381360080697e+00
4.720800155966142775e+00
2.856655729071975180e+00
6.201703424608219883e+00
3.820377102163983629e+00
4.182942214032210337e+00
2.993165525546538586e+00
3.338931859833646598e+00
3.388894840298759092e+00
2.760791134913347378e+00
5.467564852505907069e+00
4.157040649376738450e+00
4.148792011342441022e+00
8.559047803685732703e+00
3.959152863129723698e+00
3.530598782776829925e+00
4.384679971840633961e+00
4.112290376182206941e+00
4.226249160771825331e+00
4.361828437887028898e+00
5.835100764346144331e+00
4.024336483999555014e+00
3.539148345591767164e+00
5.528551650722932642e+00
3.774542228978707836e+00
3.793085806192880050e+00
4.658141906608590510e+00
4.037768783442809095e+00
2.604399239031736535e+00
4.939317346491076677e+00
3.424437100117909250e+00
5.688246333790945464e+00
5.627026057479566745e+00
5.643120842558356998e+00
6.335049353566298613e+00
3.995733746015367682e+00
3.723473601255706367e+00
4.380766274038109032e+00
3.183359129939186349e+00
4.679829315586223615e+00
3.926314801560687684e+00
4.534837548764277138e+00
3.076656073081996734e+00
3.581685054174975846e+00
4.305914835987691980e+00
4.542369533180107943e+00
3.140287247384682789e+00
5.192969593189681099e+00
4.098768758025043368e+00
3.624361328643947999e+00
4.797027061181119656e+00
3.051876265918693765e+00
5.234370225537150922e+00
5.938438021416395429e+00
4.979678331651715695e+00
6.499081142405982447e+00
4.372807074100779623e+00
4.201870289381016477e+00
2.961669372400759670e+00
6.154821559193030645e+00
6.317501103143523977e+00
4.731604230500409791e+00
5.254264483240468131e+00
4.478262959581512881e+00
3.461350402580127827e+00
3.526273935621432987e+00
3.756854796722771006e+00
3.548234700620900739e+00
4.709526071201071140e+00
5.616183172608455898e+00
2.992778883840632176e+00
5.812229087148866213e+00
2.991400373133870083e+00
3.768331118460160667e+00
4.578614292802765995e+00
3.344178274594608258e+00
3.207790031948406284e+00
4.591357479253749041e+00
5.542545626769270761e+00
3.151888460943391923e+00
2.669590821609652664e+00
4.375803979852887160e+00
3.343753215846358096e+00
4.172350923734377659e+00
6.763589499312783637e+00
3.666928669597517398e+00
3.458920724828036253e+00
2.606712864534290741e+00
4.762990030606478520e+00
3.111337372080383190e+00
4.374581502249800025e+00
6.187447759768805788e+00
3.353718903718037048e+00
3.181599999717370064e+00
5.565401940753639920e+00
5.779015284691020327e+00
3.783050477063697681e+00
4.001792817027281401e+00
4.389122438126936032e+00
3.464080264152585187e+00
3.249143890505972632e+00
3.013013394277670010e+00
6.245278593239956599e+00
4.802182102676574971e+00
4.164284751436630572e+00
4.266042483876327118e+00
2.704891640994929070e+00
4.362688516894742463e+00
7.069974769739194365e+00
5.690431025216402539e+00
3.125440358198946722e+00
3.940985218831487558e+00
3.100887194927690160e+00
4.498176719220226438e+00
3.373298417545807837e+00
6.755548035666340212e+00
4.311599745324901534e+00
3.949791564139171207e+00
3.797444860803262490e+00
3.293854983545024151e+00
3.574901682260794633e+00
2.758851075331848257e+00
3.198143334492047352e+00
5.803162389581927982e+00
3.172046913065633689e+00
3.682139399560540927e+00
4.066762901886383119e+00
8.850493815389580021e+00
4.913115632768592533e+00
7.048397358439724592e+00
3.554391748075754975e+00
4.050836235781694938e+00
3.847139824388398299e+00
4.014658244947300503e+00
3.466771788594336989e+00
4.285440975663147967e+00
4.001714172376390266e+00
2.772731708492869984e+00
4.381672716501751275e+00
2.549714354627715895e+00
1.939721576120887470e+00
4.993242307656179158e+00
2.976890497933554869e+00
2.890857768279367690e+00
4.749958889888263869e+00
2.816297056494865281e+00
5.191088083535643882e+00
4.177939363650343019e+00
4.787533981082634504e+00
3.909100435186596112e+00
4.226181069982547278e+00
2.718243159043968848e+00
4.036859086647698547e+00
3.205460563926818551e+00
4.214402703557383667e+00
4.106830860562238783e+00
3.653247617374050904e+00
5.749555610477232293e+00
4.554872880948443559e+00
6.159720502624477234e+00
5.353765441736629604e+00
5.534403014662381715e+00
3.925357799314548313e+00
5.533420619507120719e+00
2.623701343055871771e+00
2.517111822783553610e+00
4.164447211765478940e+00
5.120282166707079696e+00
5.116030256395635689e+00
2.722468182259385916e+00
2.999947784451534538e+00
3.389824722502981391e+00
2.465451376557052043e+00
3.461338377434320712e+00
5.328890357968790070e+00
3.920480160973955464e+00
3.159725166234724547e+00
3.216228040862081805e+00
3.503655170896316395e+00
3.228221033890020575e+00
3.704710761589588230e+00
3.278741384327235941e+00
4.252628225367609538e+00
2.853967510909199312e+00
3.009447368154936076e+00
4.587671617521198897e+00
3.296876124161367105e+00
3.576182777576599303e+00
2.814467111368164076e+00
6.255378842387961491e+00
1.908078494217924526e+00
5.071483233288336834e+00
2.790003476016869932e+00
4.489108383054635887e+00
2.845620182279327892e+00
4.558577165309288581e+00
2.809627113826933087e+00
2.934606672428191843e+00
3.371069153693186049e+00
3.712626877242480639e+00
1.943958674472081816e+00
3.285803048801707149e+00
1.597877411171253259e+00
3.396261405851247250e+00
2.928956531994795220e+00
6.725573069315444741e+00
3.132116331580664159e+00
5.115995187322066151e+00
2.872762312567557874e+00
2.347483426991440858e+00
3.652862380188951708e+00
5.994693191421903045e+00
3.871521725027047722e+00
2.911793891488584141e+00
2.326121255449090874e+00
2.642376479201706374e+00
4.629274978338330904e+00
3.036370786547352818e+00
2.517899882890838548e+00
3.753985091711274258e+00
8.650217416620638033e+00
4.058434352498494491e+00
5.574264761515641986e+00
4.178712007191822231e+00
4.323226085233556226e+00
4.206127984983186074e+00
3.222951069185493456e+00
6.534681323180219437e+00
3.992003565989848290e+00
4.470464146430223273e+00
4.975116468197166242e+00
4.065039660137504285e+00
5.134330425181190982e+00
3.849218458536841858e+00
3.886604370905944350e+00
4.940457889760262233e+00
3.328819596904535327e+00
4.972406790745826477e+00
3.009661955434848934e+00
2.666221452677278503e+00
5.749257064151702679e+00
2.620969495007113625e+00
2.103122434110059835e+00
5.433340235471174395e+00
5.576538549845245996e+00
3.097554905627877719e+00
3.229279098448722074e+00
3.637096594635144342e+00
3.841391278289841171e+00
3.467608230295638805e+00
3.665995158190526126e+00
3.196579902382481908e+00
4.399220006167942287e+00
3.716815158495321292e+00
3.757245633639257676e+00
3.279626739768690680e+00
3.827140775657917882e+00
4.217289225453145107e+00
4.468949516301363722e+00
5.522190823306302399e+00
5.777093605624551209e+00
2.699822133087452336e+00
3.623562860539849328e+00
5.103867576130724615e+00
5.642120189331402358e+00
4.670244294351509673e+00
5.181665566609167328e+00
4.811444765839446802e+00
3.660645886157341877e+00
2.733959718459170407e+00
3.729685858420957789e+00
3.678438051053156244e+00
5.424982377682948886e+00
5.355763188723385859e+00
3.054886000264919410e+00
4.332318960208804803e+00
3.472324054383510994e+00
3.838352364474506562e+00
5.056707742804393391e+00
2.556720877814798953e+00
5.352688831717640205e+00
3.038777631716069738e+00
3.483144588622830717e+00
3.653909814059054462e+00
3.017289795536098218e+00
3.425832796658081936e+00
6.378024924239438675e+00
3.070615250470128288e+00
3.676887439891695308e+00
4.682664815687755500e+00
3.300837129694235816e+00
2.987167660942993130e+00
4.001795901596594263e+00
3.214542839410461816e+00
6.919733456561333540e+00
3.607995867978425863e+00
3.471996470692488401e+00
7.297107262485305945e+00
5.562590299335822941e+00
4.536304804574314176e+00
2.997224581847182101e+00
3.251532710476113142e+00
5.193009133953924383e+00
5.888258465488295457e+00
3.363815422846912373e+00
3.466639479535886803e+00
2.352974493653155807e+00
4.582649040515954120e+00
4.272878573377688838e+00
4.108377883854320345e+00
2.901636180911253415e+00
2.958529285422947464e+00
2.996767868043769045e+00
6.666928609907398773e+00
2.601113117459526780e+00
3.866167586856207983e+00
2.807964841722641047e+00
7.033165020295241376e+00
2.966153281012097853e+00
3.352040438729494198e+00
2.715128896596973096e+00
3.924586699635988829e+00
4.047385014564588879e+00
2.725034042151525338e+00
5.867038609087859236e+00
3.006118809537015935e+00
4.305129258907689049e+00
2.901092440995523436e+00
3.351708945117417127e+00
2.889766316595439921e+00
2.520631763843503848e+00
3.022498371672010631e+00
2.464171436570608886e+00
2.674747551922870947e+00
4.603021743000729415e+00
3.052517415655499278e+00
3.639542320364952399e+00
2.908431491105315736e+00
4.280467226759493649e+00
8.129533058685911584e+00
3.646902210436132830e+00
3.400341676458424001e+00
3.665498936640605887e+00
2.985483246296869897e+00
4.795213696088017841e+00
2.679264066270790501e+00
3.757389657873452027e+00
2.618510883745289064e+00
2.994537569529763577e+00
2.467252275555430252e+00
3.531555165299457677e+00
2.775288456096818734e+00
5.278132972071248652e+00
4.411985723918237845e+00
2.978036935335450774e+00
3.105196581031422820e+00
3.185177209253649444e+00
3.514469844370049056e+00
2.951152265188125678e+00
3.401558797623490005e+00
2.910987654112178191e+00
3.630273045881120542e+00
2.956791672820229255e+00
2.250058754869518118e+00
3.245636746247419602e+00
4.257326733403846930e+00
4.505704166019423695e+00
4.882193073273036532e+00
5.073910095370615103e+00
5.945455509634931524e+00
5.942311136213588973e+00
5.036160800936461790e+00
3.899891275976489879e+00
5.607274039508014951e+00
4.089851364729971017e+00
4.647293772060005601e+00
3.293667423736255984e+00
2.728233120597278738e+00
2.919122438766107663e+00
4.349104061804647259e+00
3.107779694844770901e+00
4.847314969410165375e+00
2.539455129749320417e+00
2.961760385807215012e+00
1.587023270418614906e+00
3.490243591501059228e+00
3.308566278528578763e+00
3.615377943496015156e+00
3.406740127464739309e+00
3.329096607304568245e+00
3.939841964923430417e+00
5.103873365789752370e+00
3.913294493005955665e+00
3.424394550047118457e+00
3.288922311977021451e+00
2.842905827555598286e+00
5.923480154973988832e+00
4.241161233298605282e+00
3.723387771028316973e+00
3.548026451127040293e+00
3.262462140794539334e+00
3.533782803718613419e+00
4.138915522085954812e+00
2.840201551239055711e+00
3.048735256528746884e+00
2.910206356259697813e+00
3.525836932243508137e+00
4.741931576257273129e+00
3.773764718699553544e+00
2.961169743484725281e+00
5.312101173047945046e+00
2.682729645435017574e+00
3.471444691489352863e+00
4.855203978937577602e+00
3.632605950125098015e+00
2.953111807739334349e+00
4.160494432432885858e+00
3.000313901761982649e+00
3.783930408268660006e+00
8.839435638473243984e+00
3.083212116798326630e+00
3.530432525335238214e+00
6.681858526785802610e+00
2.642406911804254577e+00
3.799286753781713877e+00
3.116455519868452484e+00
6.122534438074684005e+00
4.449725717989583273e+00
3.758358120775274092e+00
3.522976904874830506e+00
3.460995008037389908e+00
3.040413408734873535e+00
2.824050882827914499e+00
3.219407029625642291e+00
3.563004333557992176e+00
3.991445010481540656e+00
4.082162219089963351e+00
4.115990346443058279e+00
4.872951168578268266e+00
9.029179601947959100e+00
2.939100847619766199e+00
2.991613507353810153e+00
3.917792599010497145e+00
2.717338361879498176e+00
4.141332433644189237e+00
2.574762497031620079e+00
3.955651117935108818e+00
3.172599391740134056e+00
2.619364073678860816e+00
3.266750414191984753e+00
4.539615086892005991e+00
2.913682513159143728e+00
4.410753005271964788e+00
2.876749702961991062e+00
4.203586952492990747e+00
2.101696278656925987e+00
5.063804969855031146e+00
6.146216802912588761e+00
3.218955809282859626e+00
2.857066259624886140e+00
2.445430065535658226e+00
3.123442612075483904e+00
3.543373686762750552e+00
3.223885332540148863e+00
3.201174801223291677e+00
3.488866166078010700e+00
4.047659505904116273e+00
2.864772269228902157e+00
4.958140546600764864e+00
6.092206780419543222e+00
2.997441685399816258e+00
4.852329415694374148e+00
6.216658567343951169e+00
4.601435727606076220e+00
5.686592818005332006e+00
3.928063550268694026e+00
4.138897978728763860e+00
3.725040537520801553e+00
3.091370650540981924e+00
5.043308630518255065e+00
3.041023507758605859e+00
4.613495469359230050e+00
2.769775879246221706e+00
3.076509548968906493e+00
3.505286059921564501e+00
4.080597152577847275e+00
2.648622023835840888e+00
3.733336186606257989e+00
3.251446183761563802e+00
2.975021383086208004e+00
5.246792316122308009e+00
4.872558477760494000e+00
4.257424689676872376e+00
3.219904212944694422e+00
6.692592704922940783e+00
5.560030738966479369e+00
3.118155567704152809e+00
3.534410632295760024e+00
3.299733638068831798e+00
4.463726329941740900e+00
5.534436398415754965e+00
4.310271699967057835e+00
4.069300518479576745e+00
3.920616392197766142e+00
4.930757910107392838e+00
2.912343827821931352e+00
4.770833868687940793e+00
3.437800380651335530e+00
5.216090418670423112e+00
2.849435631821677362e+00
4.348029302374240679e+00
4.258086761227435346e+00
3.017367853887618523e+00
3.060498795253000281e+00
3.277937016072367982e+00
2.892482883688278328e+00
3.112898006570483656e+00
7.052481416507331957e+00
3.068490772256075250e+00
2.771746833567612089e+00
3.269315018966042707e+00
3.581204839374469984e+00
6.096907559840157198e+00
3.532630319815229125e+00
4.342809171358935849e+00
3.301873465205396929e+00
5.935679879687296712e+00
4.435699276449630801e+00
3.532722025914097230e+00
3.518066259292190523e+00
3.359478720414712960e+00
2.812875779187621994e+00
2.991962066571808965e+00
2.663161952590089587e+00
2.955169623977812687e+00
2.859158014847067886e+00
2.800374446049973542e+00
5.835828928572990293e+00
3.776009642500533836e+00
4.608676666456839932e+00
9.276324527717660473e+00
4.338537571306432916e+00
4.711911659815155140e+00
4.923224223820980683e+00
6.284464412278641277e+00
3.638221529602049475e+00
5.098856007332907225e+00
3.801018324741878729e+00
4.878527346818001043e+00
3.122108352852257518e+00
4.085210736053085157e+00
5.545527791881801782e+00
4.017876274647004919e+00
6.129914982797649792e+00
4.199025576056584441e+00
3.887141243094749399e+00
5.754748801450104700e+00
3.408000810630139377e+00
3.045985190795313713e+00
5.124816264138519095e+00
4.924145824877260935e+00
3.714979402027245747e+00
5.539394810012609582e+00
4.804090718807023208e+00
3.249071631720432229e+00
4.636589479054505247e+00
3.662427936072014223e+00
4.719105484187686272e+00
4.567151098109806462e+00
4.119435859392392096e+00
3.858727101633133927e+00
5.181239553604807924e+00
4.011681643750545589e+00
5.920349454666154365e+00
5.139306092308408402e+00
6.235271481952748829e+00
3.838513376624428819e+00
5.596932745041554469e+00
4.782555013789872689e+00
5.236661353236463867e+00
5.847384021434371526e+00
2.983290351551615593e+00
4.748253912850563196e+00
5.330595323720004330e+00
2.431379179022550296e+00
5.837179288601372917e+00
2.749641169901765547e+00
4.981067249567511013e+00
5.790501415933735352e+00
3.641374565079027015e+00
3.027688772120798788e+00
3.407411163818716116e+00
3.062632154215438884e+00
6.719185392019972447e+00
4.238950327626421100e+00
3.350071253534953719e+00
6.054526722651939252e+00
6.653026073494736181e+00
4.084346813981350799e+00
4.349995780623943986e+00
2.951157279192028859e+00
6.393090703092308758e+00
4.863164881784242333e+00
3.689738407351818683e+00
3.299932694614356343e+00
6.202953561660986104e+00
6.740392540381206388e+00
3.631526534603494838e+00
4.797332210315751411e+00
5.589440654938878872e+00
3.639420631174005827e+00
4.101684977584667102e+00
4.572106079179531157e+00
4.586334492989795564e+00
3.673433186748515489e+00
3.335732541519498717e+00
4.290785201280617578e+00
7.936565735601730509e+00
5.326611178172573347e+00
4.509554108671733452e+00
3.569171264232089857e+00
5.838826909526470210e+00
4.023887595540041495e+00
6.131830550612310304e+00
4.320731401641436875e+00
5.549122426697436161e+00
6.454013366181487577e+00
6.489687971208709882e+00
3.221299587934659314e+00
3.771556461178374953e+00
3.316280743542486587e+00
3.455480089206263372e+00
2.460846619912555155e+00
2.842514446339288625e+00
3.320351076383400546e+00
5.425342550846609768e+00
4.425377836133928433e+00
3.215571858118954740e+00
4.912314705457337283e+00
5.563272727770630866e+00
5.160989255475440629e+00
8.717963036870427729e+00
4.065401963339344782e+00
4.458852011208176869e+00
3.702571122979994023e+00
2.960604790426064614e+00
5.250311234478391320e+00
3.972957514492146291e+00
3.458356110887915946e+00
3.174902018686881267e+00
3.131051562088574158e+00
5.135460005265535699e+00
4.253573524048515964e+00
3.750195913291622496e+00
3.645079934618384865e+00
4.189921837360419232e+00
2.861152052856111183e+00
6.301895837861020588e+00
2.875377557455172095e+00
4.978319550355237766e+00
6.673396500565965894e+00
5.631215550120413305e+00
3.769738043257443660e+00
3.917300934491894093e+00
4.310064196970521344e+00
4.572742053314416744e+00
3.626436493874206413e+00
3.130471765610534085e+00
4.381666686783332487e+00
3.690117048088781715e+00
3.955069459473023574e+00
2.975288629298983079e+00
3.983313848532617385e+00
6.223951341291586559e+00
3.620868142558848923e+00
4.740006161225375436e+00
5.759959296739635803e+00
5.060391781010309842e+00
4.088278453439658122e+00
2.982378856615438778e+00
5.897437770061888074e+00
5.440869841535038276e+00
3.581681759514091734e+00
4.123556182554332317e+00
3.753857474458134114e+00
3.048836847433089137e+00
2.863262317285556691e+00
3.797927285091279970e+00
7.758955101424698242e+00
4.248332394225325714e+00
2.907898633475214378e+00
4.709897637887027422e+00
5.847126967030690459e+00
3.013921913926648433e+00
4.151378735904037498e+00
2.708174585262285827e+00
4.765389283285705879e+00
3.358488022019337826e+00
2.546102968456583238e+00
5.195351819475719779e+00
4.477578329649306355e+00
3.959530828318987616e+00
4.958827473877311931e+00
9.160802555257507862e+00
3.539726991918664467e+00
4.343113992646901345e+00
3.380721509355706367e+00
5.652299019288038906e+00
3.738093897382027908e+00
5.464733755356662392e+00
4.380850385798200186e+00
3.114886465068980037e+00
4.360017324566613617e+00
5.180453223644269301e+00
2.703484016690714586e+00
2.743129584423687373e+00
3.459211212161532600e+00
3.655175102494267581e+00
3.309937898642819398e+00
3.815981350316294929e+00
2.980111323907780996e+00
3.971877780111062961e+00
5.414372857290152830e+00
3.563946883624965256e+00
3.949623439550392412e+00
6.115745726457275211e+00
4.368663803911944754e+00
4.007622951970860825e+00
3.872656345856762439e+00
2.886812648138162629e+00
2.662352358223939230e+00
2.828242298261786303e+00
2.806156209621847086e+00
3.527558253801408750e+00
3.419812551087028751e+00
3.288630822669460940e+00
3.823560489212279645e+00
3.145250059577028523e+00
2.649753396155149598e+00
3.307301307622755981e+00
4.497426741449550569e+00
5.482922081696781191e+00
5.366503283320760431e+00
3.794535696063006558e+00
4.573071128474088809e+00
2.553930296179906634e+00
4.544546918552855530e+00
2.208588624041613269e+00
2.999864225104187820e+00
3.191790634640772062e+00
4.649922318009839017e+00
4.248334793090604578e+00
3.346825780597651789e+00
3.273930713219774802e+00
4.797323854709855340e+00
5.574381531697556902e+00
5.436803234211762259e+00
8.680498427162323338e+00
3.036871581986575919e+00
5.637041229583655166e+00
3.010343530281507807e+00
4.377256197270817495e+00
2.867100160541526499e+00
2.944253784801563967e+00
3.918897934035963981e+00
2.802327467403475048e+00
3.359144160178888505e+00
5.424278252105507292e+00
3.130156199785368187e+00
9.175004810508003317e+00
4.513987168797974014e+00
3.361435965794872249e+00
3.599347857995603750e+00
4.197853977453231522e+00
3.591277618060579435e+00
6.243462252759743869e+00
4.255258446295869135e+00
3.956865508331876669e+00
2.946067129965781017e+00
4.248868573172244645e+00
2.956910240309578608e+00
3.358599640101577410e+00
4.982456255660087763e+00
4.515269792800118864e+00
6.314911390483581854e+00
4.511755304292576874e+00
4.721793576268077608e+00
4.207512060577482060e+00
3.166028377122342086e+00
3.648630427695199074e+00
4.092552974259605847e+00
2.803767185219373292e+00
3.213087898880865989e+00
3.795618417900226582e+00
3.440882506417818121e+00
4.208960410805731023e+00
3.461597867566874598e+00
2.930276547307826718e+00
3.426670323490938141e+00
4.194588264726792914e+00
6.476370586863302137e+00
2.685018566253640770e+00
2.848743813099860134e+00
3.963950848123487081e+00
6.274414793411952296e+00
3.487541799665440312e+00
3.239309694895996738e+00
4.644029276988906219e+00
2.815291902825301840e+00
4.646428512084074036e+00
6.310403440136481024e+00
4.471709526343844665e+00
7.198111015955102943e+00
3.416530682165753952e+00
5.595970801612056178e+00
4.209522646530596823e+00
2.932193515317329080e+00
3.889385574069479379e+00
2.783206583714819438e+00
5.460955608702051656e+00
3.935970866846158156e+00
3.124723306239229892e+00
3.992808659482056211e+00
4.059882408523902697e+00
3.704949431692886819e+00
7.863543008028987202e+00
4.664081746494808556e+00
4.050681339198084707e+00
4.039021074882597873e+00
4.137186612775693995e+00
3.180339914024575165e+00
4.368336096602635443e+00
4.052918410752299749e+00
4.534104363625009348e+00
4.330236862469355685e+00
4.773739036175753014e+00
3.588363143546659195e+00
3.109366397614586663e+00
2.780098777552844069e+00
3.505081581577785599e+00
3.361832354979873649e+00
2.704990370111121312e+00
2.520250659105538471e+00
3.635065958964220911e+00
4.038491137321204683e+00
4.238848636535616166e+00
3.179509780003016317e+00
3.199934445835414198e+00
2.723038989756300765e+00
3.074176722213346480e+00
5.201446592209222786e+00
3.555446739469995787e+00
3.557788874635912979e+00
3.455482999677596201e+00
2.850189788284542391e+00
3.450878673105087557e+00
3.411770691282035806e+00
2.646379640718765636e+00
3.725023601656345384e+00
3.882265149254767511e+00
4.053376554826819245e+00
3.476761504241821399e+00
2.109789223214638465e+00
3.719785112250494574e+00
4.927539828505052455e+00
4.103568460820884667e+00
5.157855469546346328e+00
2.634852872927649248e+00
6.125828395011613914e+00
3.745879479917948451e+00
4.806760502759710008e+00
4.154851200300897496e+00
3.424813663667726882e+00
3.294423651746796633e+00
3.597300752686404479e+00
3.429457099702611256e+00
4.887379962415919543e+00
3.684078722247763782e+00
4.447155117422282977e+00
4.894761018286252430e+00
3.672159236601336030e+00
7.729880433333997658e+00
4.253032879648104725e+00
3.677268959711660568e+00
3.074744818814984182e+00
4.358929399747450084e+00
5.340742263016271529e+00
3.646892023575168285e+00
3.196357432900282625e+00
2.932983610503219651e+00
2.632286643265374870e+00
4.508855088019275037e+00
3.683057441024984779e+00
4.326682564468889325e+00
8.429606823241629243e+00
3.821128711958246438e+00
3.511190189613090595e+00
3.179185761002283783e+00
4.940010342381074615e+00
4.268171885425985579e+00
5.178475298764949386e+00
2.965539445603519564e+00
4.345331086568559265e+00
4.409279092205327544e+00
3.023317085118618852e+00
2.703250188454866532e+00
3.003003952064148052e+00
2.659437092933023550e+00
2.661224596596205139e+00
3.856728663426968406e+00
4.851157733064098032e+00
3.889932414129553706e+00
7.477124090689760472e+00
8.434892453795415079e+00
