4.905606795977201173e+00
4.596155531643936420e+00
4.726731144171990806e+00
5.051073396037846663e+00
7.576139763068500343e+00
5.021463500690722448e+00
3.749512939276808066e+00
5.565914723831284938e+00
3.576405488098612029e+00
3.711563372089533797e+00
4.067294177353860896e+00
4.224077438386792949e+00
3.635921804050815886e+00
5.203923729005079934e+00
3.754527244562356980e+00
4.285824018559136306e+00
4.031577296927726373e+00
2.985832435957808340e+00
2.447773679581602302e+00
3.848470783847618204e+00
3.348816335925028032e+00
2.830099058825981118e+00
3.863608593323523355e+00
4.452160070337225939e+00
2.956817150467279554e+00
4.167505266179952983e+00
4.361799637159486487e+00
3.571910060139856569e+00
2.795367771535905099e+00
2.776891200216286215e+00
2.922988063302892847e+00
2.501016022610175416e+00
2.634731364517343355e+00
2.718828595267536841e+00
2.695313702955538737e+00
2.557508841131608701e+00
2.701541850581655968e+00
2.961968765471731047e+00
2.443182867544964498e+00
2.540165251586715911e+00
3.326423147215803233e+00
3.362468125205715808e+00
3.159918655546952948e+00
3.125567715673221780e+00
2.610109184032272989e+00
2.615163580295695400e+00
3.975795732784308978e+00
3.102945114845867991e+00
2.857214738868830040e+00
6.018745809446581774e+00
3.978779103688558916e+00
3.442002293835417337e+00
5.514284476569760507e+00
3.602757380912786633e+00
5.705605705114511039e+00
6.307919923971880394e+00
6.656454967626843633e+00
6.654800842474593026e+00
3.779164183089608553e+00
5.825750853226947967e+00
3.257517866825320407e+00
3.496322281042233193e+00
3.715799785582344583e+00
3.528274963310051859e+00
3.646574391058724274e+00
3.377743410743815122e+00
3.520583522494954209e+00
2.452903084563534453e+00
4.491744993474217296e+00
2.831020005500626713e+00
4.357566682450805473e+00
3.272103657722320147e+00
3.597133700399261169e+00
3.919894447284421712e+00
2.805201420544073176e+00
4.400324706252189522e+00
3.084649357768971978e+00
4.096732260177645912e+00
3.538697226532619311e+00
6.156392772475557607e+00
6.057305878225326623e+00
3.044258036766838149e+00
5.313652840018811219e+00
3.156532491207725943e+00
3.373562929113238962e+00
2.973956520356359157e+00
3.973268142855116203e+00
2.678921734434037916e+00
3.558556546940343512e+00
3.268520483180382019e+00
3.595209354463972051e+00
3.026391778341855243e+00
3.140236219295152509e+00
3.284781195237719054e+00
4.341617539151950922e+00
3.118250762343898419e+00
5.062243814997078317e+00
5.413044057862832936e+00
5.301371170227418439e+00
4.530875810944556825e+00
2.992850409674432832e+00
5.073655829848612520e+00
5.073236829221404953e+00
3.396475654192849802e+00
2.630538716157513335e+00
3.731934872899078659e+00
5.084774658781733514e+00
3.584229950592016767e+00
4.976612905725724012e+00
2.581391976265799748e+00
3.226768298369225185e+00
3.218642895491359734e+00
3.042705421128143239e+00
2.162429966909998669e+00
4.181350200330918199e+00
3.821895496898933153e+00
2.866087086215327151e+00
3.064169622143171345e+00
4.073321220778159280e+00
4.514314312528398432e+00
3.528267603052421819e+00
4.246521402630221154e+00
5.741038190194508672e+00
3.304036372407491928e+00
2.892888520562413746e+00
3.836867079153222004e+00
5.463449076489626854e+00
4.868969242119406182e+00
3.200940683618298976e+00
3.173869022777238147e+00
3.174280577657577318e+00
2.912921867120804809e+00
2.847547876162658032e+00
3.518884989744731406e+00
4.827634420209877320e+00
4.961852944393078779e+00
4.373492606740882138e+00
4.894266968317724675e+00
6.465114674238725989e+00
4.671439177303549073e+00
3.487726114118617993e+00
5.099485928003391955e+00
4.214015365511557754e+00
4.165958003020529432e+00
5.502697195122348006e+00
3.332682740726291559e+00
3.426770561628865064e+00
4.237769527007817061e+00
3.365066812700925780e+00
3.109478408451021192e+00
4.927427182384431781e+00
4.321205027341895821e+00
4.903561736341728761e+00
4.794670854121730663e+00
3.173988999251363019e+00
3.697092420590808004e+00
2.776475793474479925e+00
4.623854744517053916e+00
3.266898474057335910e+00
2.943016518080642907e+00
4.857026028910708781e+00
3.424699114166694258e+00
4.700700881541761689e+00
2.553839720342058861e+00
2.962717232188762928e+00
3.110017586744133755e+00
4.924883866211258621e+00
5.490425812374821746e+00
4.769836404292648879e+00
3.791134032645302021e+00
2.993487409464997473e+00
2.990513572099231521e+00
3.044255642883361368e+00
3.239484069908606489e+00
3.076507019950470490e+00
3.630534000061211852e+00
4.759842888871251176e+00
4.687247676649178629e+00
3.429314379533266344e+00
2.965409982646238340e+00
4.912422334061564477e+00
3.156540529139373330e+00
3.174075045631885583e+00
5.253860474907387612e+00
2.586729194306220059e+00
5.948260557549854610e+00
5.429386618893722982e+00
6.860577325048708097e+00
5.016936623866158129e+00
4.946885575490271414e+00
4.115940462846805481e+00
3.560683011563138933e+00
4.041729728724262394e+00
5.606310420216726875e+00
3.200894596715942786e+00
3.397964506087239211e+00
4.104691142609922849e+00
5.323317370408740423e+00
3.299613511898317864e+00
5.114926771612032574e+00
3.404127209641371277e+00
3.977838565436714990e+00
3.342300668690331822e+00
3.021940117964910577e+00
3.496608463516691856e+00
4.102668635435028577e+00
2.870804204381104174e+00
4.524430754956333622e+00
3.987040303018022591e+00
2.865170001473406725e+00
3.132124693324000564e+00
6.587651099381536923e+00
4.881348292233594677e+00
3.825190504317052653e+00
3.832825496814233457e+00
4.429396698344152838e+00
2.916544492991006710e+00
4.765159996764984029e+00
4.379687158343510411e+00
3.208541147061285237e+00
3.796356890808590290e+00
3.550774816500160913e+00
4.030147994152757818e+00
6.896528660997744531e+00
4.132721266045263242e+00
6.349490130182743997e+00
4.766391151224223854e+00
4.187861034246004088e+00
3.547612077996177948e+00
4.210599959844767426e+00
4.317156180371003238e+00
3.224504252823316541e+00
4.491294867387981782e+00
2.908221369257632194e+00
2.487819439239095320e+00
4.421439077532975048e+00
5.599949396606193730e+00
2.917423699780874902e+00
5.777451033841765948e+00
3.874145780460438004e+00
3.766893931932852269e+00
6.391548027680391542e+00
4.667624383837043922e+00
3.021344234282095531e+00
3.301736602841963464e+00
2.673567746226245490e+00
2.818684229195181246e+00
3.095828662877078585e+00
6.877295992029150540e+00
4.174834272524363676e+00
4.562419105000296682e+00
4.266777728617615395e+00
4.299618253712673699e+00
3.950731976924189315e+00
3.660533060167470598e+00
6.614452745263019295e+00
4.571773533042171600e+00
3.455406619307988425e+00
5.338775354150580910e+00
3.181297328685613657e+00
2.804615369521053836e+00
4.096080078802158297e+00
3.866844189482435024e+00
4.643484584915751334e+00
3.892959101047481330e+00
5.534291626205143366e+00
5.128506974214328551e+00
3.458135584420100272e+00
3.909137874834220927e+00
2.549738773121916324e+00
4.504137006509870922e+00
3.395198642540532497e+00
2.838607961269642654e+00
4.945563034220157306e+00
3.162749607434244936e+00
3.169871478540384757e+00
5.753591670027894622e+00
2.440175747085448155e+00
3.062498683172610203e+00
4.810635030842210114e+00
5.812222563901357830e+00
4.316898014977013531e+00
4.351694688515159726e+00
4.664244099920222375e+00
4.566512855929585335e+00
3.957098089394131879e+00
3.587350702287212645e+00
3.900191119619027091e+00
3.739099473774195825e+00
3.152438334693219435e+00
3.652666964101265012e+00
2.990157525827746632e+00
3.352483468171487235e+00
3.161874308049545945e+00
4.031710954383799894e+00
3.315850738317737800e+00
3.235558427886966015e+00
4.349847409421028210e+00
4.105104737203779663e+00
3.206117486987647425e+00
5.439666820042647011e+00
4.098801559140277995e+00
3.062368226009198668e+00
4.917279057807586895e+00
4.010297492231410743e+00
4.417753943146275120e+00
5.807901382194772921e+00
6.098135959010327234e+00
6.485182241416236337e+00
4.045651851269489008e+00
5.242142632773005850e+00
4.959162952035597982e+00
3.308025733123297396e+00
4.079197932168940000e+00
3.953331383582483483e+00
3.672641939680324707e+00
3.456995839712100338e+00
4.121881222084997631e+00
2.746989734009134043e+00
2.847830657970038981e+00
5.616540435024370836e+00
3.294562693654109697e+00
5.537949922949048087e+00
3.755859449848785836e+00
3.543441509451716431e+00
3.682983636152065365e+00
2.944448068267724317e+00
3.485740467934272502e+00
4.552030851405581835e+00
5.305498376656363035e+00
3.143316037651261219e+00
4.561376308756074138e+00
3.370750478625025970e+00
5.260012406558811193e+00
3.986469144020850841e+00
2.837358414596737433e+00
4.260391623947907824e+00
3.614085874575528656e+00
5.549772843012849677e+00
4.070324776672953782e+00
3.692066401368985673e+00
3.794570934383497907e+00
3.995549666679427681e+00
3.868508388667628584e+00
3.984191771203173804e+00
3.008280720191380375e+00
3.192465422088708316e+00
5.213584926832012911e+00
2.877862443126922631e+00
3.285807402947681588e+00
4.567566475514786006e+00
3.442751841135565094e+00
4.784304067081343703e+00
3.618395343633704631e+00
3.282398943342133002e+00
3.840014055713985464e+00
3.682073755101858747e+00
5.528150568229252215e+00
4.538383513356230914e+00
5.694478682015048143e+00
2.463157018864055470e+00
5.441626875769867588e+00
3.829412802907925517e+00
2.986141669986223768e+00
4.159324907609013522e+00
4.030289233910902880e+00
3.110079388218311980e+00
5.430644144684897867e+00
3.686848324735687576e+00
4.345510023261072163e+00
2.614472857818347151e+00
3.250653573762020798e+00
6.189082300689166871e+00
3.724907699747647793e+00
3.688697951706319866e+00
6.139031251131941147e+00
2.929000587679997381e+00
3.703363822163999952e+00
6.498321251093527984e+00
4.494182012802022896e+00
3.666640868945766130e+00
3.262852734499060325e+00
3.150736354484694690e+00
3.187171875278912214e+00
3.144322649493746624e+00
2.332185826676426821e+00
2.846591590925089399e+00
2.541296954916450801e+00
2.869111820571740079e+00
3.804800767354898916e+00
2.728974424006969102e+00
5.506339808286283777e+00
7.687574059363362800e+00
3.949901519115097237e+00
4.934730802693453988e+00
3.798461679117907774e+00
5.218494964115326873e+00
4.954031658659255655e+00
4.488981207942529750e+00
5.111666506465267545e+00
4.695508314791560167e+00
3.260982382372466404e+00
4.919091235963557018e+00
5.708129470722153265e+00
3.263287630778727522e+00
5.344123233229726821e+00
2.756150925867038026e+00
3.050382526892205792e+00
3.478331170517160231e+00
5.808255900839542463e+00
5.935112662219966140e+00
4.922586049287249743e+00
3.959220454781124499e+00
4.752389277869507822e+00
4.275684252356513504e+00
4.873369526121692275e+00
5.292709638087396584e+00
3.659414076688095818e+00
4.425029736825189630e+00
4.885755503276225653e+00
3.194193650729215239e+00
2.843201635798241256e+00
2.727780585230923371e+00
4.199041560169958665e+00
3.917816848349304326e+00
3.082558463639603286e+00
3.694979431446162366e+00
4.961569651526835933e+00
4.089366702024904043e+00
3.245979423831640620e+00
5.796617027087263452e+00
5.991984512323884182e+00
6.082134202730469674e+00
6.645347951387037710e+00
3.102691316983476888e+00
3.787000848783781848e+00
5.041720899038204529e+00
5.609126794594635257e+00
3.788309632035650854e+00
2.964284156821390681e+00
4.324903014744238661e+00
3.800230244302287730e+00
3.843917230412454256e+00
4.172874355679633496e+00
3.269714614520215168e+00
3.939491137353798855e+00
5.689115820096383835e+00
3.151297086948140702e+00
5.335283084983240443e+00
3.601959017481744851e+00
3.905604487429520155e+00
3.919991629366383457e+00
3.019049278867980135e+00
2.468605663734780187e+00
3.560867096106985485e+00
3.980689663365306608e+00
2.734747061987091499e+00
5.683724627019111963e+00
4.049819616470329287e+00
3.870925328780423946e+00
3.284638304857198321e+00
3.358733524398737735e+00
4.852462547754666566e+00
3.294003474838431700e+00
3.879335238665695851e+00
3.817982063079451649e+00
3.940782795478761535e+00
3.654500648669260165e+00
7.484316960830732945e+00
3.357207944525059773e+00
3.982887428068911717e+00
4.289422382555908797e+00
5.275492635493359117e+00
2.821772801071992021e+00
3.404697968400496766e+00
4.818540021682425234e+00
3.729032282702818168e+00
3.350080915973059348e+00
6.400770313589321248e+00
3.997656884337193794e+00
3.136004928772356148e+00
4.540194529251802891e+00
6.356679626886186263e+00
5.936812424435643720e+00
3.268096336067279672e+00
3.048622095410616684e+00
3.740756519429690119e+00
2.971113179898856593e+00
3.888668660976680957e+00
3.014877183084888834e+00
3.054606288426634730e+00
3.009289055308551397e+00
3.535910401995316032e+00
4.165946033771037449e+00
3.414911365573880975e+00
2.407174263671561842e+00
3.068477910259641117e+00
4.085930733735753329e+00
4.015041247873222474e+00
4.310806695936083344e+00
5.336345098941396081e+00
3.600178010746440282e+00
5.791893663630075295e+00
4.117879414232628932e+00
3.705878300012868554e+00
6.334476299882118688e+00
4.293827119964237049e+00
3.533148208904197674e+00
3.534958961264643040e+00
2.856107741567576852e+00
2.720132602275083578e+00
3.218969280703874780e+00
2.939487258593572516e+00
2.975216859337848518e+00
3.119030778074058041e+00
3.578346988460596734e+00
2.678652582964186735e+00
2.931180636335062317e+00
3.091555688416236070e+00
4.905013236733280380e+00
3.015601728082076605e+00
3.712529152612099814e+00
6.613694579703563114e+00
5.150686777295153007e+00
4.116648481633954582e+00
4.957728997302048413e+00
3.359027406698587015e+00
4.081894381823835793e+00
4.339788017961166311e+00
4.527411315695587746e+00
3.731476277722888479e+00
5.502784444571005906e+00
3.326307766962342427e+00
3.160613035997443365e+00
3.329175269143727967e+00
5.148252315813557800e+00
3.225943951208324112e+00
3.852633305475567482e+00
3.761624397374157880e+00
5.002847650386708089e+00
5.758862752848533439e+00
4.346445885996182312e+00
3.431345061671272845e+00
3.733896468121787660e+00
3.755363959120842754e+00
3.340033677421781366e+00
4.205102402222443025e+00
4.218276131646777394e+00
4.067665960564657901e+00
3.332188022968217034e+00
4.344676586328919399e+00
3.481284236466648530e+00
4.724766889397562508e+00
3.726833831061465041e+00
2.949747612360071436e+00
5.154911069436007409e+00
3.051819644973118528e+00
4.172267474352894467e+00
3.594925604477636316e+00
4.445010375378070755e+00
2.457838528227992203e+00
5.986141988121627122e+00
4.740568789574479247e+00
6.260960196452493243e+00
5.163171360721979575e+00
5.597372017503082553e+00
5.972602591037365904e+00
3.492320090847219838e+00
5.308231711961914456e+00
5.742081722546956257e+00
4.481766127218457463e+00
4.869994004142106370e+00
3.326035905542893634e+00
4.455906916426791931e+00
3.316414124547724551e+00
2.920598215714543588e+00
4.810673439935650997e+00
2.857544572148535078e+00
5.886429398096526988e+00
2.827008346703261843e+00
5.150468096056278533e+00
3.615220767497214549e+00
4.089562524857489834e+00
4.471318632016332728e+00
3.750520579439962532e+00
3.181091623653594880e+00
3.660284240661255684e+00
4.495010977512508887e+00
2.957962564231037206e+00
5.381730705795734870e+00
4.178115019308416223e+00
3.814721202566408564e+00
3.662216520659812957e+00
3.864059485613031697e+00
5.067244836217200010e+00
5.300624651930732512e+00
3.612675002374424515e+00
4.131222629827655979e+00
3.456874721716866272e+00
3.852666981720839434e+00
3.822650772306242395e+00
3.799357341683275546e+00
6.831364913165987929e+00
5.004600527616870131e+00
3.884040097337553288e+00
4.191115360045051474e+00
3.672555403693968934e+00
3.945797035161243915e+00
3.514915670073838871e+00
4.437108040689160759e+00
3.603626631775989075e+00
3.822315500082542616e+00
3.525316382468810961e+00
4.453646977156127562e+00
4.418638961044289992e+00
3.406042159909533407e+00
4.888736588811458006e+00
3.219494130555552225e+00
4.176783273728719159e+00
6.030935720730543181e+00
3.234668343904404608e+00
4.143573231564151804e+00
4.486825831470459214e+00
3.807356341357343243e+00
3.782686927658004628e+00
6.264891427409913227e+00
6.376872245168998532e+00
3.889175087308430534e+00
4.430727322129619949e+00
5.181814707163407974e+00
3.760263614630193985e+00
4.425635475265029761e+00
4.371241689045505474e+00
3.717721984062313023e+00
4.617904779555408901e+00
3.741354253168410082e+00
5.092330460421433003e+00
3.781537715249621900e+00
5.773264093042532963e+00
3.227339928289343796e+00
4.125329580117043982e+00
3.763244444932648314e+00
6.990458739926458165e+00
4.601672484937662233e+00
4.334592348746959978e+00
4.138868971863007395e+00
4.080614478651405364e+00
3.114752241997373439e+00
5.511045854302364155e+00
4.620664806112591450e+00
3.373372281611926038e+00
3.664820934017730014e+00
8.057981951737321680e+00
7.168014473486741700e+00
3.332827084598709355e+00
3.897554345391168074e+00
4.119449899622906308e+00
4.608552433677794546e+00
4.267916276932628428e+00
3.118022701351145898e+00
4.097975608540658676e+00
3.571326529575538533e+00
4.379059618191740277e+00
3.078675244604968775e+00
6.416065559633548077e+00
3.272368637409040826e+00
5.269555240646952576e+00
6.673834347647130905e+00
3.375772083967078618e+00
4.593977585736936042e+00
4.091107548481428324e+00
4.291060950856128819e+00
2.932002225880575796e+00
3.972076624755993990e+00
3.498264154512876090e+00
3.972810962221563269e+00
4.247434468898929616e+00
4.470487591507462000e+00
2.970811991988746126e+00
3.512933246358164396e+00
3.182533282716974998e+00
4.738778035476522987e+00
3.795983974465336974e+00
4.744984075176560623e+00
6.612243489242542793e+00
6.427757391847846336e+00
7.149706040739058466e+00
4.248236338186414329e+00
5.151380976998428451e+00
5.084812283727412563e+00
4.488921240830991088e+00
6.240269239052946837e+00
3.807058179085837324e+00
4.044138882511581379e+00
3.204993493239268076e+00
4.561690028235915406e+00
6.120657912385166988e+00
4.530657120427389550e+00
3.641092192774162406e+00
3.504471764845052295e+00
4.083173229658004111e+00
4.312624343197024146e+00
5.810554433422682408e+00
3.040538476992648231e+00
5.970524666222705612e+00
4.453625399055790801e+00
3.529246552873729570e+00
8.081481410035426194e+00
4.776868747282142280e+00
3.874940814674058043e+00
3.425117015688006639e+00
4.129113037586573220e+00
4.070660770983256960e+00
3.008245485005909270e+00
4.398742913646627173e+00
3.458592866412485201e+00
4.071326836688937689e+00
3.762864328373381806e+00
4.707857102151837836e+00
3.615078889589033118e+00
4.633964106016220441e+00
4.351667768913145551e+00
6.730208626590556520e+00
3.721179894261073873e+00
7.310199952282274261e+00
7.283188635860359028e+00
3.714057137479167992e+00
3.482954910333443621e+00
3.567809965985476950e+00
3.128091740341089277e+00
4.409678156131318971e+00
3.268007231915357469e+00
2.853848270962583200e+00
3.023686007058862035e+00
3.753782954726786247e+00
4.095854773987672282e+00
4.401319289205892993e+00
3.004578606870114577e+00
3.332142917371368362e+00
4.261031605074538930e+00
4.211339308185716668e+00
2.877538129517969612e+00
3.625562165265212133e+00
3.199392576900414120e+00
6.910451109366349876e+00
3.898548729179451389e+00
4.408145679175484943e+00
3.390059855077308892e+00
7.037880213880824520e+00
4.716183687874575980e+00
4.245717153078748751e+00
3.676560145307169236e+00
3.768526736139196309e+00
2.955085145128067747e+00
3.982219034957832804e+00
3.332711729847774862e+00
5.940142730187895737e+00
4.839257553311736793e+00
4.067626620285342831e+00
3.462058627438395764e+00
3.438061119505417373e+00
6.194573817969998508e+00
9.088156561241532927e+00
3.826353428721748884e+00
4.203657910995162617e+00
5.014001486796369811e+00
4.082744067550863498e+00
5.930935356264976477e+00
4.900989104538032493e+00
4.768184236703790546e+00
4.235430874058465633e+00
4.849095425409952753e+00
3.283317718338083502e+00
4.027686926602025430e+00
3.210329028831533815e+00
2.894226220727892152e+00
6.119772557575204885e+00
2.722526420243076561e+00
4.881263346140202408e+00
6.083517598678857219e+00
4.007087328921336677e+00
4.680139725770205317e+00
3.034340255665895381e+00
3.291586226218366384e+00
2.729150689538903496e+00
4.021234094352347022e+00
3.762976765372648025e+00
3.339634434789751971e+00
2.797003488316357700e+00
2.879256145245570497e+00
3.704169960627583080e+00
4.183250655419722186e+00
2.605536931202311557e+00
4.424313234700874453e+00
3.226636849982071897e+00
3.854321768807353443e+00
2.942449270320831811e+00
4.563148894090465646e+00
2.222277992279467096e+00
5.835408522964366185e+00
4.688193824219650807e+00
6.377802552612122255e+00
3.847815186555712863e+00
3.730473500692101041e+00
5.633707355208789735e+00
3.538330636564230414e+00
3.076269852180698816e+00
4.897140158295176349e+00
3.514626337441178361e+00
3.481279508742465723e+00
2.878204348440959848e+00
4.104816649602694767e+00
2.829629286297464130e+00
2.683397530630864836e+00
3.592197073409087782e+00
5.605518317463026534e+00
4.810685184918060742e+00
3.020889214099800490e+00
3.187025012054997664e+00
3.539823442353509986e+00
2.874951601798274581e+00
2.654135207393902185e+00
2.145812553129784028e+00
3.274391198369281053e+00
4.492806897903765417e+00
2.419425984791421680e+00
4.951971736840612870e+00
3.213328183657379267e+00
4.892640624661218851e+00
3.839244929899304992e+00
3.128607112451536221e+00
3.099562141261912096e+00
3.621841861968420506e+00
3.532824949360694244e+00
5.312839165665925734e+00
2.598512289371956552e+00
5.667242997133102200e+00
4.573454961021298892e+00
3.626608979445037129e+00
3.193860776710303995e+00
4.113132056900838940e+00
3.243719386840682617e+00
3.899071530469201630e+00
3.310142096612296303e+00
3.039590168159303829e+00
4.743060077216997072e+00
2.408380004368050997e+00
3.628774541782472163e+00
3.336023795067990072e+00
3.821154213176400916e+00
3.522612510283484433e+00
3.472345559204502496e+00
4.396483567079928712e+00
6.913729888194676931e+00
3.985264492511143342e+00
5.779470594022136254e+00
5.131750356468545604e+00
6.642714334769941331e+00
3.327489581579234912e+00
2.872416709701868243e+00
4.797118031488044387e+00
2.770508800065801136e+00
6.205136782536157192e+00
4.114714860842395794e+00
4.205671706138716104e+00
3.019442093452830544e+00
3.370736797010264851e+00
3.218130912029131707e+00
2.744698361679855925e+00
5.554225013462916749e+00
3.889124371022711912e+00
4.227900405205487822e+00
8.754425726455123069e+00
3.593684134784620010e+00
3.382442630767968250e+00
4.175868141860482829e+00
3.715884777052792742e+00
3.920613000216381927e+00
4.191327886028111571e+00
5.771852823417532363e+00
3.894914028294881092e+00
3.481600825382086484e+00
5.245826412364698932e+00
3.914515205971463629e+00
3.551899749834606101e+00
4.447839038460813299e+00
4.241451539094712508e+00
2.601501606445013159e+00
5.000610644368219226e+00
3.395682328229469249e+00
5.743404175615691720e+00
5.535136179233296261e+00
5.666114986601696657e+00
6.385722621208008043e+00
4.179577189316219687e+00
3.285379385844727551e+00
4.275936024882432740e+00
3.324175175472331212e+00
4.583993686126366818e+00
3.895850007297015694e+00
4.522592857119063225e+00
2.984505623523459050e+00
3.628574484686148516e+00
4.529764208880259879e+00
4.369149471056983813e+00
3.125132009754789220e+00
5.019744914594256535e+00
4.041091950462148752e+00
3.614481611651605419e+00
4.550102196858341941e+00
3.135220843543732094e+00
4.951131656613671161e+00
5.910382956286602152e+00
4.881000467041956448e+00
6.485510905019239658e+00
4.408236103022257879e+00
4.185400232246151653e+00
2.927471474261358342e+00
5.920558062788497722e+00
6.079120961562736625e+00
4.743951845881010598e+00
5.136659086661969909e+00
4.477193177055248441e+00
3.491099547972719819e+00
3.655890070102931766e+00
3.953397344017408610e+00
3.394959148632574308e+00
4.511849385336755169e+00
5.569729502950655942e+00
3.220494471575595430e+00
5.603790371310262586e+00
3.031263814143922097e+00
3.790317880255283711e+00
4.428546246311179324e+00
3.036477534823295965e+00
3.302674080159268222e+00
4.570564438210163338e+00
5.467942442897390620e+00
3.157967315941669018e+00
2.624033124307721732e+00
4.129982446053807266e+00
3.178635635528375136e+00
3.870722589607774822e+00
6.653619872472784635e+00
3.620350967708645396e+00
3.193481441249711672e+00
2.610948303801359671e+00
4.667795514785676225e+00
2.872665069874229538e+00
4.454092448916436631e+00
6.304776420174019513e+00
3.225363440136217896e+00
2.981383646814665056e+00
5.500184488776334035e+00
5.911174352182702485e+00
3.808235324478708606e+00
3.887498395143842433e+00
4.401232006082486770e+00
3.677573746456403114e+00
3.289581275629048562e+00
3.076296088030147757e+00
6.539396005440729631e+00
4.726555832148094716e+00
4.128123067377631905e+00
4.317147189016825592e+00
2.790801053598828574e+00
4.283147426109965572e+00
7.085779124454540501e+00
5.393985761205863483e+00
2.956586414524684958e+00
4.100469412445665540e+00
3.218925842049230379e+00
4.491964740007685641e+00
3.435093346243804024e+00
7.121753802124451305e+00
4.336780244435122889e+00
3.790358865084568762e+00
3.880181058781190462e+00
3.058111853534171587e+00
3.406879216134652832e+00
2.894935129161915643e+00
3.095055242906340265e+00
5.595548811722241389e+00
2.997812556560055075e+00
3.503869046481115745e+00
3.846929360858017066e+00
9.053858567969266247e+00
4.643278486210167699e+00
7.005768775554552796e+00
3.458000144589562730e+00
4.421489998754865702e+00
3.590240794163186422e+00
3.781667717865556000e+00
3.442961811671530814e+00
4.446024207424079222e+00
3.780921093945885936e+00
2.930408093431930983e+00
4.076830635680854797e+00
2.663007934361690587e+00
1.858637289078847399e+00
4.809730028547011926e+00
3.135993762515834060e+00
3.042968962417912593e+00
4.489180446014145787e+00
2.762137367076654471e+00
5.287561881884097481e+00
4.286776732228695153e+00
4.721701508664716940e+00
4.056477531192212105e+00
4.282612248710798042e+00
2.674652556014190719e+00
4.008328668298978492e+00
3.158695577708434676e+00
4.336051789225143338e+00
4.440856161399954871e+00
3.491895005249063821e+00
5.840193813854900995e+00
4.685608504379074724e+00
6.186813346867905850e+00
5.317298897800305291e+00
5.327895557578608887e+00
4.333137258312528495e+00
5.376331526503236979e+00
2.737459384493654557e+00
2.748528571235239415e+00
4.158914097841922342e+00
5.243292898369352528e+00
4.984763393148349486e+00
2.762381093819042288e+00
2.818696511083166545e+00
3.513507322388373044e+00
2.431891205828724534e+00
3.631272886756574891e+00
5.192717676195901078e+00
3.768229840475063153e+00
3.102570991483855067e+00
3.245513981576066520e+00
3.774017823745690947e+00
3.169230723659843374e+00
3.770053085536055004e+00
3.561705716648464914e+00
4.293424954871430721e+00
2.972566551935981405e+00
3.147891143539040204e+00
4.791832232507656109e+00
3.427612865058881741e+00
3.641613376408901370e+00
2.884031256032653090e+00
6.088710625424520906e+00
2.126412691515912279e+00
5.015306293001478011e+00
2.827488259827531714e+00
4.720058486762376049e+00
3.022204035609413975e+00
4.343211392059752818e+00
2.834466836408590762e+00
3.090779824608794524e+00
3.401133764584553187e+00
3.658573906141322496e+00
2.291098344870636794e+00
3.343621759868983023e+00
1.687452579197858960e+00
3.523100241686662581e+00
2.768152018923336399e+00
6.925935611816838922e+00
3.172501077936101144e+00
5.269334472507374301e+00
2.807416866061028138e+00
2.357815271752915720e+00
3.498941319055405508e+00
5.723012250773045650e+00
3.914710314602488417e+00
3.061137146740249282e+00
2.367128951466387132e+00
2.800365606107884986e+00
4.418307437747295729e+00
2.826507902129364425e+00
2.493765020186728520e+00
3.669650347642895660e+00
8.705063615275953737e+00
4.079895227229566324e+00
6.246590036470696106e+00
3.845046336251014996e+00
4.232432162830552791e+00
4.104582036650281651e+00
3.192845101012725451e+00
7.290646304764691443e+00
4.017415716209766785e+00
4.292652189140847341e+00
4.824414281039049790e+00
3.677794314263573838e+00
4.990077118361848640e+00
3.703820268605617194e+00
3.765058871729707768e+00
4.577303250127648049e+00
3.494109262358169765e+00
5.297050215290471264e+00
3.110500003523820389e+00
2.762191665921267969e+00
6.006368464457655598e+00
2.631475821498423961e+00
2.214047451690015933e+00
5.053323827112776279e+00
5.228348440121231455e+00
3.275665288282378462e+00
3.340309553095525352e+00
3.587451842121969214e+00
3.922164351008626149e+00
3.240610546324817598e+00
3.429065079402876748e+00
3.263029753645056985e+00
4.222104821446420075e+00
3.526534163953495504e+00
3.756933061304191579e+00
3.531261957815639452e+00
3.826308181666657315e+00
4.056780679012756963e+00
4.337880096746265401e+00
5.741278429942518358e+00
5.717951002480378797e+00
3.102884503953847961e+00
3.594335483856566427e+00
5.116366281856808307e+00
5.684611469672345763e+00
4.421023235675439089e+00
5.271821658160394719e+00
4.953436241068652102e+00
3.677678019996700964e+00
2.692543559032643419e+00
3.836430064583944866e+00
3.681088619335785683e+00
5.571776259110176710e+00
5.407808015645102273e+00
2.978116174407895667e+00
4.034731501030103473e+00
3.361808153927120735e+00
3.903877067510112209e+00
5.106759552909190703e+00
2.501068544222330381e+00
5.177863687602482834e+00
2.847410682334845955e+00
3.573179920217931738e+00
3.633836118638402723e+00
2.678507351051178542e+00
3.298014358876028229e+00
6.249047559035748378e+00
2.997838956829855572e+00
3.480125066333179529e+00
4.800429921802624733e+00
3.314834175720192455e+00
3.122632102793152065e+00
4.214235505470602661e+00
3.295908310733345559e+00
6.657827905504348998e+00
3.753438396608953731e+00
3.518897812366918565e+00
7.119582312532205748e+00
5.289812568271264226e+00
4.559884732873525692e+00
2.994477086971510715e+00
3.453394084601346670e+00
5.487015537237272866e+00
6.184316939666512525e+00
3.157356337861269679e+00
3.443010656300148575e+00
2.126228721076371730e+00
4.716718704778836369e+00
4.139500365064552767e+00
4.188251170702590898e+00
2.978078116649319540e+00
3.074221034558581422e+00
3.059714372107058988e+00
6.910312910145355758e+00
2.511507866485014784e+00
3.527608719025672634e+00
2.630098790474733050e+00
7.104681925659553698e+00
2.824129594563712153e+00
3.259800999347728823e+00
2.688717430366088124e+00
3.635194804760505161e+00
4.034817337552567551e+00
3.119354530123322533e+00
5.834842573237502883e+00
3.069086062461416908e+00
4.093098584742900670e+00
3.153481632050660899e+00
3.454930564567462170e+00
2.999387419618185557e+00
2.672449700791070804e+00
2.994952755335014150e+00
2.670344576905089529e+00
2.889734968016647088e+00
4.588166828963723631e+00
3.199700209878993284e+00
3.350516492966530979e+00
2.780914932283219176e+00
4.087009472579552494e+00
8.179315289555546542e+00
3.652027537402585011e+00
3.472272567281865285e+00
3.786343406741691897e+00
3.216773394257707253e+00
4.581641254110959238e+00
2.754135223427448764e+00
3.907261958040847638e+00
2.679445546534881650e+00
3.054970899603997925e+00
2.581021996025480103e+00
3.464875844614331069e+00
2.811025127976358728e+00
5.426542893313313520e+00
4.670804564517747615e+00
3.040631330751598416e+00
3.043926544284403235e+00
3.241829284681706724e+00
3.553364752803280346e+00
3.205762702591567148e+00
3.484092352249178237e+00
3.140967537441311297e+00
3.648033992166590966e+00
3.066591630555218995e+00
2.428323919661833585e+00
3.313781063374327207e+00
4.463603203468449188e+00
4.743678999014374398e+00
4.722612631059391219e+00
4.930960475625186135e+00
5.289678527513641093e+00
5.959250325508483215e+00
4.756563297974078175e+00
4.267084285260370535e+00
5.579804660090770696e+00
4.117501208975712146e+00
4.990782513692576750e+00
3.371171294516168704e+00
2.656508519952851088e+00
3.306048468707056376e+00
4.291797554141683513e+00
3.084554747188902990e+00
5.332283605377259761e+00
2.647652620877440466e+00
2.995979316045535246e+00
1.762412548123392098e+00
3.497835844475525757e+00
3.375215952872316461e+00
3.766874793933979504e+00
3.275002609365112782e+00
3.639136294102713887e+00
4.410646295030727693e+00
5.401566467914893366e+00
3.890692156650049416e+00
3.597469305816549667e+00
3.350030791839935240e+00
3.060131420665982205e+00
5.823449939368448014e+00
4.309284196605327466e+00
3.778541252710871046e+00
3.620249200776957554e+00
3.277425703978599447e+00
3.878119746317194139e+00
4.268375209277594173e+00
2.632912893719124625e+00
3.292609646610693108e+00
3.247057836670683706e+00
3.435590741350770028e+00
4.924147312436274682e+00
3.722294038811224670e+00
2.981800448748234800e+00
4.966459984056384336e+00
3.001176409047773941e+00
3.454630126365290987e+00
4.767232369040651285e+00
3.890825683359403708e+00
2.922181757916213041e+00
4.236827614750770188e+00
2.927179261200347327e+00
3.326009711085089471e+00
8.523787695054270586e+00
3.058823953213101188e+00
3.662327875868389260e+00
6.214015086205264993e+00
2.736823839569371586e+00
3.763598395931371243e+00
2.991766070206934192e+00
6.429927643360436207e+00
4.579735027333271091e+00
3.735127890049191102e+00
3.296888273623963084e+00
3.165203974542882825e+00
3.115433434493581899e+00
2.676612231852296908e+00
2.965466249925137632e+00
3.195430989573590619e+00
4.430465139798871910e+00
3.477900785924799010e+00
4.045633528572524895e+00
4.590008182118900493e+00
8.686992190507378808e+00
3.014396206743430895e+00
3.180342836956166597e+00
4.316007948339278144e+00
2.609204306586345723e+00
4.159576799576410799e+00
2.599125728992602191e+00
4.141332028062308268e+00
2.821474698767624467e+00
2.790491547570154385e+00
3.125137970781868280e+00
4.491103676283947799e+00
2.811590403385940018e+00
4.276864473713314574e+00
2.854964951853137922e+00
4.404704677099243071e+00
2.112305712991942919e+00
5.127335790161182238e+00
5.727278150988650118e+00
3.457772304160591226e+00
2.718411806994762259e+00
2.396298116524575139e+00
3.204442447483862200e+00
3.707543945316660317e+00
3.117668969388385669e+00
3.242679227294211319e+00
3.576580238269744694e+00
3.815525257860560515e+00
2.753138964946301837e+00
5.013083879011286825e+00
6.535224283669244016e+00
3.016042244825427154e+00
4.901367808227091949e+00
6.215413630291018343e+00
4.794800255319096927e+00
5.654801050520570804e+00
3.899954734026410463e+00
4.567221342322129729e+00
3.601159946278511548e+00
3.364140951766291909e+00
4.925545525921863010e+00
3.224445451083723491e+00
4.413076945599697432e+00
2.949232811493248452e+00
3.230737063832349598e+00
3.578760803516944922e+00
4.164469758374496067e+00
2.591290009647455594e+00
4.002863413441321683e+00
3.216142286274230599e+00
3.034508907473347339e+00
4.945588801396878509e+00
5.046124652279063483e+00
4.082032556781046928e+00
3.141875775738433241e+00
6.802972732054030303e+00
5.478074419290892116e+00
3.379196768980951227e+00
3.384278572529032747e+00
3.413232952921508634e+00
4.691238295799044167e+00
5.714893756792379875e+00
4.580167569801648852e+00
3.806125445271881347e+00
3.917219503466482511e+00
5.032493746274197655e+00
2.957366002697763285e+00
4.948961340312929558e+00
3.598067689807193048e+00
5.397719032235725578e+00
3.048573277204063015e+00
4.481674086760278009e+00
4.473422156483135126e+00
2.927307592966755134e+00
3.002785068471736096e+00
3.225174088555161411e+00
2.656517350914834985e+00
3.152036606832204324e+00
7.089998248837260597e+00
3.267916940285289229e+00
2.780520470665992505e+00
3.102028429928196385e+00
3.860173568409612788e+00
6.029480823716225402e+00
3.373423708396785958e+00
4.185438248892822344e+00
3.251528813530451867e+00
6.048548708633664006e+00
4.435006714317700549e+00
3.418829003601179028e+00
3.425556606446667374e+00
3.287164797985524967e+00
2.939238484275734198e+00
3.034964750412314949e+00
2.600876456779330326e+00
3.223376867348897168e+00
3.123453977700426876e+00
2.776798472953048158e+00
5.662097427737855959e+00
3.737989775532774672e+00
4.584707622663080961e+00
8.989954688197883570e+00
4.601281962688539728e+00
4.558222581011741603e+00
4.511029045486259825e+00
6.376198962899604084e+00
3.775303101577052622e+00
5.136200362101217110e+00
3.671822569547778414e+00
4.606766901922305202e+00
3.121406767487932665e+00
3.935245896144827338e+00
5.492786838926924098e+00
3.983721039146507881e+00
5.793132884809272909e+00
4.433807170913213191e+00
3.952364972192235815e+00
6.184105788888729194e+00
3.359393834559121661e+00
2.955499008893591295e+00
4.695754492079963427e+00
4.944069597390613247e+00
3.569405287950915717e+00
5.346051673400488369e+00
4.514708327762632756e+00
3.295745722761046714e+00
4.944488808145168335e+00
3.861407407926237045e+00
4.759229220531098647e+00
4.887605610126795952e+00
4.316261629806915856e+00
4.023709763900360059e+00
5.064828266206427898e+00
3.752420172742860327e+00
5.867814605901966019e+00
5.502856613054029289e+00
6.187292492057046900e+00
3.781692380804672293e+00
5.830488419489189056e+00
4.378227811545801096e+00
5.449880391946107849e+00
5.869620069802021334e+00
3.144195819515594348e+00
4.697477471586997133e+00
5.281714391736378467e+00
2.670022329664579530e+00
5.892525324163393030e+00
2.785162852499198038e+00
5.167436821443956774e+00
5.764111326031986060e+00
3.561384840543993402e+00
2.955313800605969821e+00
3.134968594466187586e+00
2.806081509860699263e+00
6.766631137320758604e+00
4.217579236091768990e+00
3.505327652274097261e+00
6.547275460656958757e+00
6.760601097061352149e+00
3.987131434942021713e+00
4.387209603810091174e+00
2.938721662390623823e+00
6.193163733287410544e+00
4.955862310568805107e+00
3.686939272433930714e+00
3.126093969469263101e+00
6.187359817163384790e+00
6.683614641366626863e+00
3.775206831866219304e+00
4.826959910756437822e+00
5.514306893819743927e+00
3.776590843390713825e+00
4.251617304978222656e+00
4.387848152576453664e+00
4.657492974548500086e+00
3.548495812732154420e+00
3.238398766349519509e+00
4.451560320946039262e+00
7.690297466199932153e+00
5.508905271408742976e+00
4.154107400414413398e+00
3.129665506949202758e+00
5.563832451047159289e+00
3.791883129890338822e+00
6.134960765006071348e+00
3.832641801820284133e+00
5.642420573841559595e+00
6.340069954218655823e+00
6.138880222917918239e+00
3.243398287193986373e+00
3.282639883539973269e+00
3.423699935077949785e+00
3.510769730990761506e+00
2.600166120515426726e+00
2.793675648037439174e+00
3.287691106603499058e+00
5.534135766710331694e+00
3.932794293932229568e+00
3.500660987247592448e+00
4.686771776242755649e+00
5.571739337053429608e+00
5.283092928317725701e+00
8.765845379011523164e+00
4.034391656382739555e+00
4.519538766883645309e+00
3.700096804552284180e+00
3.213509645839275120e+00
5.187857879034803332e+00
4.003758920020167977e+00
3.555401762940356925e+00
3.141431983490209134e+00
2.980489279579828121e+00
4.811066415023621090e+00
4.176264844674864918e+00
3.799768077234347174e+00
3.477355307683984265e+00
4.168162165240309136e+00
2.948949398418245327e+00
6.372487015148580625e+00
2.931403164518441962e+00
5.094635310958395280e+00
6.507906510551219270e+00
5.515218330478669273e+00
3.706948575736583429e+00
4.232444105819639368e+00
4.255823320829318135e+00
4.600373460883293575e+00
3.306462765099316137e+00
3.405762088925856634e+00
4.499118879011430927e+00
3.762273894790830298e+00
4.013114765952893848e+00
3.049424123740307913e+00
3.945275065451128160e+00
6.105914286871605867e+00
3.476413201708589362e+00
4.887726883591055227e+00
5.310362761081243832e+00
4.953303734642995337e+00
4.146394270999579135e+00
2.825709915045489407e+00
5.827273670356037272e+00
5.190456904173352370e+00
3.727522266184569943e+00
3.980316923057124701e+00
3.826294322954464810e+00
3.087398590641312612e+00
2.784547289648379387e+00
4.025111453126474004e+00
7.651377281320366208e+00
4.190690274467054444e+00
2.899822768691858510e+00
4.300965606934477492e+00
5.970997692329203410e+00
2.998785430325547008e+00
4.105167114047011623e+00
2.895523364027291269e+00
4.696047101230561793e+00
3.367605658379364097e+00
2.485373705512600395e+00
5.428317294903068913e+00
4.159414339626165358e+00
3.797634172897955018e+00
4.925068859360374418e+00
9.338404085636206275e+00
3.304038981783638196e+00
4.322669550878313061e+00
3.362648755614160212e+00
5.449530864568501443e+00
3.459136935098332089e+00
5.620459532557492643e+00
4.360308557561805465e+00
3.034357019966369418e+00
4.146061356658497843e+00
4.762158054427345633e+00
2.951870765541761532e+00
2.654422588691671692e+00
3.234399878753332569e+00
3.535489455353225452e+00
3.223565863102355600e+00
3.599318443339396989e+00
2.770198743353574855e+00
3.926407680608452466e+00
5.855073750075666439e+00
3.558281517870824029e+00
3.972945753498905219e+00
6.485943777658351728e+00
4.337046228453860230e+00
3.868270413282413500e+00
4.053842351395729793e+00
2.913506324952751747e+00
2.600209929919630181e+00
2.811025780169070565e+00
2.772813813002872330e+00
3.795528902540368676e+00
3.408369731977408001e+00
3.173564806299592256e+00
3.918468187337181163e+00
3.001064163310854127e+00
2.821797245441268753e+00
3.424640864839961996e+00
4.398474496190152294e+00
4.889747404603514980e+00
5.374740182744840666e+00
3.633307953694517423e+00
4.464248330869972747e+00
2.437891171035225568e+00
4.278664738199718265e+00
2.194957362760879160e+00
2.889794822773869676e+00
3.395685621959762646e+00
4.517039660822013580e+00
4.471296512006051493e+00
3.104900118809116094e+00
3.246748696449242910e+00
4.822380306018745344e+00
5.946871519453212684e+00
5.233193026920621271e+00
8.686361244428121964e+00
3.281754759223982632e+00
5.682805912169854423e+00
3.006682894233860814e+00
4.142137953444959386e+00
2.743389918705721353e+00
2.782332563872066178e+00
3.853708313595463952e+00
2.779132101558447143e+00
3.425877086205893818e+00
5.118216814235819534e+00
3.292432855980616857e+00
9.002356709204445195e+00
4.568434993604290284e+00
3.188718808068605526e+00
3.490944294944049453e+00
4.568134804875580990e+00
3.662802124052426223e+00
5.636777382865194141e+00
4.341676889888456792e+00
3.460763298653329212e+00
2.971399882917183266e+00
4.134630133923985262e+00
2.989315857792218090e+00
3.092059129826182140e+00
4.702732146428528104e+00
4.549421751460552166e+00
6.179208160720534693e+00
4.160549722775406245e+00
4.705255434672694470e+00
4.065201802123957542e+00
3.264639910628853059e+00
3.968990891350305361e+00
4.428325172232453255e+00
3.238051099578932668e+00
3.383476584923544195e+00
3.847892825867728295e+00
3.461851105252681915e+00
3.558544990295318122e+00
3.281915141584576645e+00
2.856534956889581256e+00
3.363857169264314884e+00
4.008115852749939201e+00
5.879077501507194548e+00
2.703118422927376585e+00
2.944309151309983719e+00
3.753792418544375398e+00
6.486104952575082905e+00
3.400349516183617027e+00
3.306451022257305805e+00
4.795243178155587316e+00
2.947217887340299214e+00
4.825537477807280595e+00
6.513564242295727169e+00
4.268930042344483589e+00
7.152847097149401812e+00
3.506788796158827104e+00
5.656568694449874535e+00
4.201028494704660332e+00
3.130895148378831205e+00
4.177688062522190826e+00
2.950498908059995262e+00
5.459144473211607895e+00
3.663640001603267748e+00
3.260927079260369510e+00
4.014745887246424338e+00
4.456196518294069264e+00
3.998570952932048783e+00
7.745615660629781019e+00
4.410355264690238641e+00
3.771975170536148170e+00
4.154677374821318381e+00
4.021183337029798466e+00
3.213963834512934437e+00
4.522270159438010140e+00
3.843729351089913315e+00
4.213575776142006291e+00
4.509363480130016200e+00
4.814469604666154368e+00
3.505427650334313583e+00
3.390961990601747633e+00
2.764839142052905263e+00
3.121141128847313428e+00
3.311002240146118769e+00
2.632425280246371901e+00
2.455527609781090526e+00
3.597425119079456834e+00
3.831129662207105824e+00
3.690190779559244127e+00
3.410150522375552828e+00
3.348102716236609044e+00
2.707802677781579348e+00
2.945095849003041888e+00
5.352560572465162814e+00
3.880064129540372608e+00
3.502808208771507115e+00
3.691960039483024314e+00
2.793283244522064113e+00
3.577433540304258308e+00
3.517606677207169241e+00
2.737884700366827850e+00
3.473082400896861710e+00
3.779970393930431438e+00
3.663943405882743587e+00
3.300957059700821095e+00
2.118831250372910091e+00
3.802898418358928723e+00
5.015447374360971544e+00
3.737377344361240361e+00
4.741564645087231966e+00
2.833936264316105902e+00
6.051467978543718651e+00
3.646466666909467413e+00
4.700338987888154740e+00
4.586333545964839331e+00
3.820151938552491355e+00
3.233871640293148442e+00
3.635432863169193674e+00
3.557713350477702097e+00
5.023491313475133779e+00
3.946652806144695713e+00
3.917696038138107184e+00
4.620612925197858267e+00
3.641365422912394401e+00
7.412489982972742197e+00
4.265089473540930598e+00
3.831994236618472272e+00
2.997526354078337008e+00
4.146083310996246496e+00
5.207866899685191342e+00
3.796460489921970716e+00
3.105704985907131288e+00
2.971406253229231353e+00
2.437337907721337960e+00
4.496431487384398906e+00
3.822292744118750640e+00
4.325949081980883903e+00
8.407355666870312660e+00
3.768581290426884056e+00
3.588672844367591708e+00
3.227311043498801713e+00
4.592727881440545445e+00
4.244245427232184120e+00
5.299663036611835132e+00
3.162122748125257843e+00
4.357381137418791184e+00
4.178493513119747149e+00
2.887137667852695877e+00
2.641870541427725705e+00
2.977211882058754533e+00
2.688774322977455000e+00
2.694817102219594140e+00
3.813010422795848786e+00
5.008087149572805430e+00
3.880662451367208554e+00
7.264547346168052755e+00
8.223297829514292445e+00
